55
512
0
1
2
3
4
5
6
7
8
9
10 0 1 0.5
11 0 2 0.5
12 0 3 0.5
13 0 4 0.5
14 0 5 0.5
15 0 6 0.5
16 0 7 0.5
17 0 8 0.5
18 0 9 0.5
19 1 2 0.5
20 1 3 0.5
21 1 4 0.5
22 1 5 0.5
23 1 6 0.5
24 1 7 0.5
25 1 8 0.5
26 1 9 0.5
27 2 3 0.5
28 2 4 0.5
29 2 5 0.5
30 2 6 0.5
31 2 7 0.5
32 2 8 0.5
33 2 9 0.5
34 3 4 0.5
35 3 5 0.5
36 3 6 0.5
37 3 7 0.5
38 3 8 0.5
39 3 9 0.5
40 4 5 0.5
41 4 6 0.5
42 4 7 0.5
43 4 8 0.5
44 4 9 0.5
45 5 6 0.5
46 5 7 0.5
47 5 8 0.5
48 5 9 0.5
49 6 7 0.5
50 6 8 0.5
51 6 9 0.5
52 7 8 0.5
53 7 9 0.5
54 8 9 0.5
10 11 12 13 14 15 16 17 18 0
10 19 20 21 22 23 24 25 26 1
11 19 27 28 29 30 31 32 33 2
12 20 27 34 35 36 37 38 39 3
13 21 28 34 40 41 42 43 44 4
14 22 29 35 40 45 46 47 48 5
15 23 30 36 41 45 49 50 51 6
16 24 31 37 42 46 49 52 53 7
17 25 32 38 43 47 50 52 54 8
18 26 33 39 44 48 51 53 54 9
45 18 17 16 14 13 12 11 10 19
45 18 17 16 15 13 12 11 10 19
45 18 17 16 15 14 13 12 11 10
45 20 18 17 16 14 13 12 10 19
45 20 18 17 16 15 13 12 10 19
45 21 20 18 17 16 14 13 10 19
45 21 20 18 17 16 15 13 10 19
45 22 21 20 18 17 16 14 10 19
45 23 21 20 18 17 16 15 10 19
45 24 22 21 20 18 17 16 10 19
45 24 23 21 20 18 17 16 10 19
45 26 24 22 21 20 18 17 10 19
45 26 24 23 21 20 18 17 10 19
45 25 26 24 22 21 20 17 10 19
45 25 26 24 23 21 20 17 10 19
45 25 26 24 23 22 21 20 10 19
45 27 25 26 24 22 21 20 17 19
45 27 25 26 24 23 21 20 17 19
45 27 26 24 22 21 20 18 17 19
45 27 26 24 23 21 20 18 17 19
45 27 24 22 21 20 18 17 16 19
45 27 24 23 21 20 18 17 16 19
45 27 23 21 20 18 17 16 15 19
45 29 28 27 22 18 17 16 14 19
45 27 22 21 20 18 17 16 14 19
45 27 21 20 18 17 16 14 13 19
45 27 21 20 18 17 16 15 13 19
45 28 27 21 18 17 16 15 13 19
45 27 20 18 17 16 14 13 12 19
45 27 20 18 17 16 15 13 12 19
45 27 18 17 16 14 13 12 11 19
45 27 18 17 16 15 13 12 11 19
45 28 27 18 17 16 14 13 11 19
45 28 27 18 17 16 15 13 11 19
45 28 27 21 18 17 16 14 13 19
45 28 27 23 21 18 17 16 15 19
45 28 27 22 21 18 17 16 14 19
45 28 27 24 22 21 18 17 16 19
45 28 27 24 23 21 18 17 16 19
45 28 27 26 24 22 21 18 17 19
45 28 27 26 24 23 21 18 17 19
45 28 27 25 26 24 22 21 17 19
45 28 27 25 26 24 23 21 17 19
45 34 27 20 18 17 16 14 13 12
45 34 27 20 18 17 16 15 13 12
45 34 28 27 21 18 17 16 14 13
45 34 28 27 21 18 17 16 15 13
45 42 34 28 21 18 17 16 15 13
45 34 27 21 20 18 17 16 14 13
45 34 27 21 20 18 17 16 15 13
45 34 28 27 22 21 18 17 16 14
45 34 27 22 21 20 18 17 16 14
45 34 28 27 23 21 18 17 16 15
45 34 27 23 21 20 18 17 16 15
45 34 28 27 24 22 21 18 17 16
45 34 28 27 24 23 21 18 17 16
45 34 27 24 22 21 20 18 17 16
45 34 27 24 23 21 20 18 17 16
45 34 28 27 26 24 22 21 18 17
45 34 28 27 26 24 23 21 18 17
45 34 27 26 24 22 21 20 18 17
45 34 27 26 24 23 21 20 18 17
45 34 28 27 25 26 24 22 21 17
45 34 28 27 25 26 24 23 21 17
45 34 27 25 26 24 22 21 20 17
45 34 27 25 26 24 23 21 20 17
45 29 28 27 18 17 16 14 11 19
45 29 28 27 24 22 18 17 16 19
45 29 34 28 27 22 18 17 16 14
45 29 28 27 26 24 22 18 17 19
45 29 34 28 27 24 22 18 17 16
45 29 28 27 25 26 24 22 17 19
45 29 34 28 27 26 24 22 18 17
45 29 34 28 27 25 26 24 22 17
45 35 34 27 20 18 17 16 14 12
45 35 29 34 27 22 18 17 16 14
45 35 34 27 22 20 18 17 16 14
45 35 29 34 27 24 22 18 17 16
45 35 34 27 24 22 20 18 17 16
45 35 29 34 27 26 24 22 18 17
45 35 34 27 26 24 22 20 18 17
45 35 29 34 27 25 26 24 22 17
45 35 34 27 25 26 24 22 20 17
45 30 28 27 18 17 16 15 11 19
45 30 28 27 23 18 17 16 15 19
45 30 28 27 24 23 18 17 16 19
45 30 34 28 27 23 18 17 16 15
45 30 28 27 26 24 23 18 17 19
45 30 34 28 27 24 23 18 17 16
45 30 28 27 25 26 24 23 17 19
45 30 34 28 27 26 24 23 18 17
45 30 34 28 27 25 26 24 23 17
45 31 29 28 27 18 17 16 11 19
45 31 30 28 27 18 17 16 11 19
45 31 29 28 27 24 18 17 16 19
45 31 30 28 27 24 18 17 16 19
45 31 29 28 27 26 24 18 17 19
45 31 30 28 27 26 24 18 17 19
45 31 29 34 28 27 24 18 17 16
45 31 30 34 28 27 24 18 17 16
45 31 29 28 27 25 26 24 17 19
45 31 30 28 27 25 26 24 17 19
45 31 29 34 28 27 26 24 18 17
45 31 30 34 28 27 26 24 18 17
45 31 35 29 34 27 24 18 17 16
45 31 29 34 28 27 25 26 24 17
45 31 30 34 28 27 25 26 24 17
45 31 35 29 34 27 26 24 18 17
45 31 35 29 34 27 25 26 24 17
45 37 30 34 27 23 18 17 16 15
45 37 34 27 23 20 18 17 16 15
45 37 35 34 27 20 18 17 16 12
45 37 34 27 20 18 17 16 15 12
45 37 31 30 34 27 24 18 17 16
45 37 31 35 34 27 24 18 17 16
45 37 30 34 27 24 23 18 17 16
45 37 34 27 24 23 20 18 17 16
45 37 35 34 27 24 20 18 17 16
45 37 31 30 34 27 26 24 18 17
45 37 31 35 34 27 26 24 18 17
45 37 30 34 27 26 24 23 18 17
45 37 34 27 26 24 23 20 18 17
45 37 35 34 27 26 24 20 18 17
45 37 31 30 34 27 25 26 24 17
45 37 31 35 34 27 25 26 24 17
45 37 30 34 27 25 26 24 23 17
45 37 34 27 25 26 24 23 20 17
45 37 35 34 27 25 26 24 20 17
45 33 31 29 28 27 18 17 11 19
45 33 31 30 28 27 18 17 11 19
45 33 31 29 28 27 26 18 17 19
45 33 31 30 28 27 26 18 17 19
45 33 31 29 28 27 25 26 17 19
45 33 31 30 28 27 25 26 17 19
45 33 31 29 34 28 27 26 18 17
45 33 31 30 34 28 27 26 18 17
45 33 31 29 34 28 27 25 26 17
45 33 31 30 34 28 27 25 26 17
45 33 37 31 30 34 27 26 18 17
45 33 37 31 35 34 27 26 18 17
45 33 31 35 29 34 27 26 18 17
45 33 37 31 30 34 27 25 26 17
45 33 37 31 35 34 27 25 26 17
45 33 31 35 29 34 27 25 26 17
45 36 37 34 27 23 20 18 17 15
45 36 37 34 27 20 18 17 15 12
45 36 37 30 34 27 23 18 17 15
45 36 37 34 27 26 23 20 18 17
45 36 33 37 30 34 27 26 18 17
45 36 37 30 34 27 26 23 18 17
45 36 37 34 27 25 26 23 20 17
45 36 33 37 30 34 27 25 26 17
45 36 37 30 34 27 25 26 23 17
45 32 33 31 29 28 27 17 11 19
45 32 33 31 30 28 27 17 11 19
45 32 33 31 30 29 28 27 11 19
45 32 33 31 29 28 27 25 17 19
45 32 33 31 30 28 27 25 17 19
45 32 33 31 29 34 28 27 25 17
45 32 33 31 30 34 28 27 25 17
45 32 33 31 35 29 34 27 25 17
45 32 36 33 37 30 34 27 25 17
45 32 33 37 31 30 34 27 25 17
45 32 33 37 31 35 34 27 25 17
45 39 37 35 34 27 20 18 17 12
45 39 36 37 34 27 20 18 17 12
45 39 37 35 34 27 26 20 18 17
45 39 36 37 34 27 26 20 18 17
45 39 33 37 35 34 27 26 18 17
45 39 36 33 37 34 27 26 18 17
45 39 37 35 34 27 25 26 20 17
45 39 36 37 34 27 25 26 20 17
45 38 39 36 37 35 34 27 20 12
45 39 32 33 37 35 34 27 25 17
45 39 32 36 33 37 34 27 25 17
45 39 33 37 35 34 27 25 26 17
45 39 36 33 37 34 27 25 26 17
45 38 39 37 35 34 27 20 17 12
45 38 39 36 37 34 27 20 17 12
45 38 39 37 35 34 27 25 20 17
45 38 39 36 37 34 27 25 20 17
45 38 39 32 37 35 34 27 25 17
45 38 39 32 36 37 34 27 25 17
45 42 38 39 32 37 35 34 25 17
45 42 38 39 32 36 37 34 25 17
45 42 39 33 37 35 34 25 26 17
45 42 39 36 33 37 34 25 26 17
45 42 39 32 33 37 35 34 25 17
45 42 39 32 36 33 37 34 25 17
45 43 42 39 36 33 34 26 18 17
45 42 32 33 37 31 35 34 25 17
45 42 32 33 37 31 30 34 25 17
45 42 32 36 33 37 30 34 25 17
45 43 42 39 33 35 34 26 18 17
45 42 32 33 31 35 29 34 25 17
45 42 32 33 31 29 34 28 25 17
45 42 32 33 31 30 34 28 25 17
45 42 36 37 30 34 25 26 23 17
45 43 42 33 30 34 28 26 18 17
45 42 36 33 37 30 34 25 26 17
45 42 33 31 35 29 34 25 26 17
45 43 42 36 30 34 26 23 18 17
45 42 33 37 31 35 34 25 26 17
45 42 33 37 31 30 34 25 26 17
45 42 33 31 29 34 28 25 26 17
45 42 33 31 30 34 28 25 26 17
45 42 37 30 34 25 26 24 23 17
45 42 37 31 35 34 25 26 24 17
45 42 37 31 30 34 25 26 24 17
45 42 31 35 29 34 25 26 24 17
45 42 31 29 34 28 25 26 24 17
45 42 31 30 34 28 25 26 24 17
45 42 30 34 28 25 26 24 23 17
45 43 42 33 35 29 34 26 18 17
45 42 35 29 34 25 26 24 22 17
45 42 29 34 28 25 26 24 22 17
45 42 34 28 25 26 24 22 21 17
45 42 34 28 25 26 24 23 21 17
45 42 34 28 21 18 17 16 14 13
45 42 39 33 37 35 34 26 18 17
45 42 39 36 33 37 34 26 18 17
45 42 36 37 30 34 26 23 18 17
45 42 36 33 37 30 34 26 18 17
45 42 33 31 35 29 34 26 18 17
45 42 33 37 31 35 34 26 18 17
45 42 33 37 31 30 34 26 18 17
45 49 42 37 31 30 26 24 18 17
45 42 33 31 29 34 28 26 18 17
45 42 33 31 30 34 28 26 18 17
45 42 37 30 34 26 24 23 18 17
45 42 37 31 35 34 26 24 18 17
45 42 37 31 30 34 26 24 18 17
45 42 31 35 29 34 26 24 18 17
45 49 42 37 30 23 18 17 16 15
45 42 31 29 34 28 26 24 18 17
45 42 31 30 34 28 26 24 18 17
45 42 30 34 28 26 24 23 18 17
45 42 35 29 34 26 24 22 18 17
45 42 29 34 28 26 24 22 18 17
45 43 42 34 28 22 21 18 17 14
45 42 34 28 26 24 22 21 18 17
45 42 34 28 26 24 23 21 18 17
45 43 42 29 34 28 25 26 22 17
45 42 37 30 34 24 23 18 17 16
45 42 37 31 35 34 24 18 17 16
45 42 37 31 30 34 24 18 17 16
45 42 31 29 34 28 24 18 17 16
45 42 31 30 34 28 24 18 17 16
45 42 30 34 28 24 23 18 17 16
45 42 31 35 29 34 24 18 17 16
45 42 35 29 34 24 22 18 17 16
45 42 29 34 28 24 22 18 17 16
45 42 34 28 24 22 21 18 17 16
45 42 34 28 24 23 21 18 17 16
45 42 36 37 30 34 23 18 17 15
45 42 37 30 34 23 18 17 16 15
45 42 30 34 28 23 18 17 16 15
45 43 42 34 28 21 18 17 15 13
45 42 34 28 23 21 18 17 16 15
45 43 42 30 34 28 26 23 18 17
45 42 35 29 34 22 18 17 16 14
45 42 29 34 28 22 18 17 16 14
45 42 34 28 22 21 18 17 16 14
45 43 42 33 29 34 28 26 18 17
45 43 42 34 28 25 26 22 21 17
45 43 42 34 28 25 26 23 21 17
45 43 42 34 28 26 23 21 18 17
45 43 42 34 28 26 22 21 18 17
45 44 43 42 34 28 22 21 18 14
45 43 42 30 34 28 25 26 23 17
45 44 43 42 29 34 28 26 22 18
45 43 42 30 34 28 23 18 17 15
45 43 42 34 28 23 21 18 17 15
45 44 43 42 34 28 21 18 15 13
45 43 42 29 34 28 26 22 18 17
45 43 42 33 35 29 34 25 26 17
45 43 42 35 29 34 25 26 22 17
45 43 42 33 29 34 28 25 26 17
45 44 43 42 30 34 28 23 18 15
45 43 42 35 29 34 26 22 18 17
45 43 42 33 30 34 28 25 26 17
45 44 43 42 33 35 29 34 26 18
45 43 42 34 28 21 18 17 14 13
45 43 42 29 34 28 22 18 17 14
45 43 42 36 30 34 25 26 23 17
45 43 42 32 33 29 34 28 25 17
45 43 42 32 33 30 34 28 25 17
45 43 42 35 29 34 22 18 17 14
45 43 42 36 30 34 23 18 17 15
45 43 42 36 33 30 34 26 18 17
45 43 42 36 33 30 34 25 26 17
45 43 42 32 33 35 29 34 25 17
45 43 42 39 33 35 34 25 26 17
45 43 42 39 36 33 34 25 26 17
45 43 42 32 36 33 30 34 25 17
45 43 42 39 32 33 35 34 25 17
45 43 42 39 32 36 33 34 25 17
45 43 42 38 39 32 35 34 25 17
45 43 42 38 39 32 36 34 25 17
45 44 43 42 34 28 26 22 21 18
45 44 43 42 34 28 26 23 21 18
45 44 43 42 34 28 23 21 18 15
45 41 44 43 42 34 28 21 15 13
45 44 43 42 30 34 28 26 23 18
45 44 43 42 35 29 34 26 22 18
45 44 43 42 33 29 34 28 26 18
45 44 43 42 34 28 21 18 14 13
45 44 43 42 29 34 28 22 18 14
45 44 43 42 33 30 34 28 26 18
45 44 43 42 35 29 34 22 18 14
45 44 43 42 36 30 34 23 18 15
45 44 43 42 36 30 34 26 23 18
45 44 43 42 36 33 30 34 26 18
45 44 43 42 39 33 35 34 26 18
45 44 43 42 39 36 33 34 26 18
45 53 52 49 42 37 31 26 24 18
45 50 49 43 36 30 26 23 18 17
45 49 42 37 30 25 26 24 23 17
45 49 42 33 37 31 30 26 18 17
45 49 43 42 36 30 25 26 23 17
45 49 42 36 37 30 25 26 23 17
45 49 42 37 30 26 24 23 18 17
45 52 49 42 37 31 26 24 18 17
45 49 44 43 42 36 30 26 23 18
45 49 43 42 36 30 26 23 18 17
45 49 42 36 37 30 26 23 18 17
45 49 42 37 31 30 24 18 17 16
45 49 42 37 31 30 25 26 24 17
45 49 42 33 37 31 30 25 26 17
45 49 43 42 36 33 30 25 26 17
45 49 42 36 33 37 30 25 26 17
45 49 42 37 30 24 23 18 17 16
45 49 44 43 42 36 33 30 26 18
45 49 43 42 36 33 30 26 18 17
45 49 42 36 33 37 30 26 18 17
45 49 44 43 42 36 30 23 18 15
45 49 43 42 36 30 23 18 17 15
45 49 42 36 37 30 23 18 17 15
45 49 42 32 33 37 31 30 25 17
45 49 43 42 32 36 33 30 25 17
45 49 42 32 36 33 37 30 25 17
45 49 43 42 39 36 33 25 26 17
45 49 42 39 36 33 37 25 26 17
45 49 44 43 42 39 36 33 26 18
45 52 42 39 33 37 35 26 18 17
45 49 43 42 39 36 33 26 18 17
45 49 42 39 36 33 37 26 18 17
45 49 43 42 39 32 36 33 25 17
45 49 42 39 32 36 33 37 25 17
45 52 49 44 43 42 39 33 26 18
45 49 43 42 38 39 32 36 25 17
45 49 42 38 39 32 36 37 25 17
45 41 44 43 42 34 28 23 21 15
45 41 44 43 42 30 34 28 23 15
45 41 49 44 43 42 36 30 23 15
45 41 44 43 42 36 30 34 23 15
45 52 42 35 29 25 26 24 22 17
45 52 42 35 29 26 24 22 18 17
45 52 43 42 35 29 25 26 22 17
45 52 42 31 35 29 25 26 24 17
45 52 42 35 29 24 22 18 17 16
45 52 43 42 35 29 26 22 18 17
45 52 42 31 35 29 26 24 18 17
45 52 43 42 33 35 29 25 26 17
45 52 42 37 31 35 25 26 24 17
45 52 49 42 37 31 25 26 24 17
45 52 42 33 31 35 29 25 26 17
45 52 42 35 29 22 18 17 16 14
45 52 42 31 35 29 24 18 17 16
45 52 43 42 35 29 22 18 17 14
45 52 43 42 33 35 29 26 18 17
45 52 44 43 42 35 29 26 22 18
45 52 42 37 31 35 26 24 18 17
45 52 42 33 31 35 29 26 18 17
45 52 43 42 39 33 35 25 26 17
45 52 49 43 42 39 33 25 26 17
45 52 43 42 32 33 35 29 25 17
45 52 42 33 37 31 35 25 26 17
45 52 49 42 33 37 31 25 26 17
45 52 42 32 33 31 35 29 25 17
45 52 49 42 37 31 24 18 17 16
45 52 42 37 31 35 24 18 17 16
45 52 44 43 42 35 29 22 18 14
45 52 49 43 42 39 33 26 18 17
45 52 43 42 39 33 35 26 18 17
45 52 44 43 42 33 35 29 26 18
45 52 49 42 33 37 31 26 18 17
45 52 42 33 37 31 35 26 18 17
45 52 42 39 33 37 35 25 26 17
45 52 49 42 39 33 37 25 26 17
45 52 43 42 39 32 33 35 25 17
45 52 49 43 42 39 32 33 25 17
45 52 49 42 32 33 37 31 25 17
45 52 42 32 33 37 31 35 25 17
45 52 49 42 39 33 37 26 18 17
45 52 44 43 42 39 33 35 26 18
45 52 49 42 39 32 33 37 25 17
45 52 42 39 32 33 37 35 25 17
45 52 43 42 38 39 32 35 25 17
45 52 49 43 42 38 39 32 25 17
45 52 49 42 38 39 32 37 25 17
45 52 42 38 39 32 37 35 25 17
45 40 44 43 42 34 28 22 21 14
45 40 41 44 43 42 34 28 21 13
45 40 44 43 42 34 28 21 14 13
45 40 44 43 42 29 34 28 22 14
45 40 44 43 42 35 29 34 22 14
45 40 52 44 43 42 35 29 22 14
45 53 52 42 35 29 26 24 22 18
45 53 52 42 35 29 24 22 18 16
45 53 52 44 42 35 29 26 22 18
45 53 52 42 31 35 29 26 24 18
45 53 52 42 35 29 22 18 16 14
45 53 52 42 31 35 29 24 18 16
45 53 40 52 44 42 35 29 22 14
45 53 52 44 42 35 29 22 18 14
45 53 52 44 42 33 35 29 26 18
45 53 52 49 42 33 37 31 26 18
45 53 52 42 37 31 35 26 24 18
45 53 52 42 33 31 35 29 26 18
45 53 52 49 42 37 31 24 18 16
45 53 52 42 37 31 35 24 18 16
45 53 52 49 44 42 39 33 26 18
45 53 52 44 42 39 33 35 26 18
45 53 52 42 33 37 31 35 26 18
45 53 52 49 42 39 33 37 26 18
45 53 52 42 39 33 37 35 26 18
45 50 49 43 36 30 25 26 23 17
45 50 49 43 36 33 30 26 18 17
45 50 52 49 43 39 33 25 26 17
45 50 49 43 39 36 33 25 26 17
45 50 49 44 43 36 33 30 26 18
45 50 49 43 36 33 30 25 26 17
45 51 50 49 44 36 30 26 23 18
45 50 52 49 43 39 33 26 18 17
45 50 49 43 39 36 33 26 18 17
45 50 52 49 43 39 32 33 25 17
45 50 49 43 39 32 36 33 25 17
45 50 49 43 32 36 33 30 25 17
45 50 49 43 36 30 23 18 17 15
45 50 49 44 43 36 30 26 23 18
45 51 50 53 49 44 39 33 26 18
45 50 53 52 49 44 39 33 26 18
45 50 52 49 44 43 39 33 26 18
45 50 49 44 43 39 36 33 26 18
45 50 52 49 43 38 39 32 25 17
45 50 49 43 38 39 32 36 25 17
45 50 41 49 44 43 36 30 23 15
45 50 49 44 43 36 30 23 18 15
45 46 53 52 42 35 29 24 22 16
45 46 53 52 42 35 29 22 16 14
45 46 53 52 42 31 35 29 24 16
45 46 53 40 52 42 35 29 22 14
45 46 53 52 49 42 37 31 24 16
45 46 53 52 42 37 31 35 24 16
45 54 52 43 35 29 25 26 22 17
45 54 52 43 35 29 26 22 18 17
45 54 52 43 33 35 29 25 26 17
45 54 52 43 35 29 22 18 17 14
45 54 52 43 33 35 29 26 18 17
45 54 52 44 43 35 29 26 22 18
45 54 52 43 39 33 35 25 26 17
45 54 50 52 43 39 33 25 26 17
45 54 52 43 32 33 35 29 25 17
45 54 52 44 43 35 29 22 18 14
45 54 50 52 44 43 39 33 26 18
45 54 50 52 43 39 33 26 18 17
45 54 52 43 39 33 35 26 18 17
45 54 52 44 43 33 35 29 26 18
45 54 53 52 44 35 29 26 22 18
45 54 50 52 43 39 32 33 25 17
45 54 52 43 39 32 33 35 25 17
45 54 53 52 44 35 29 22 18 14
45 54 40 52 44 43 35 29 22 14
45 54 52 44 43 39 33 35 26 18
45 54 53 52 44 33 35 29 26 18
45 54 52 43 38 39 32 35 25 17
45 54 50 52 43 38 39 32 25 17
45 54 46 53 40 52 35 29 22 14
45 47 54 50 52 43 38 32 25 17
45 54 53 40 52 44 35 29 22 14
45 54 50 53 52 44 39 33 26 18
45 54 53 52 44 39 33 35 26 18
45 51 50 49 44 36 33 30 26 18
45 51 50 49 44 36 30 23 18 15
45 51 54 50 53 44 39 33 26 18
45 51 50 41 49 44 36 30 23 15
45 51 50 49 44 39 36 33 26 18
45 47 54 52 43 35 29 25 22 17
45 47 54 52 43 35 29 22 17 14
45 47 54 52 43 32 35 29 25 17
45 47 54 40 52 43 35 29 22 14
45 47 54 52 43 38 32 35 25 17
45 47 54 46 40 52 35 29 22 14
45 48 54 53 44 35 29 26 22 18
45 48 54 53 44 35 29 22 18 14
45 48 54 53 44 33 35 29 26 18
45 48 54 53 40 44 35 29 22 14
45 48 51 54 53 44 39 33 26 18
45 48 54 53 44 39 33 35 26 18
45 48 47 54 46 40 35 29 22 14
45 48 54 46 53 40 35 29 22 14
