66
56
0
1
2
3
4
5
6
7
8
9
10
11 0 1 0.4
12 0 2 0.40370370370370373
13 0 3 0.40740740740740744
14 0 4 0.41111111111111115
15 0 5 0.41481481481481486
16 0 6 0.4185185185185185
17 0 7 0.4222222222222222
18 0 8 0.42592592592592593
19 0 9 0.42962962962962964
20 0 10 0.43333333333333335
21 1 2 0.43703703703703706
22 1 3 0.44074074074074077
23 1 4 0.4444444444444445
24 1 5 0.4481481481481482
25 1 6 0.45185185185185184
26 1 7 0.45555555555555555
27 1 8 0.45925925925925926
28 1 9 0.46296296296296297
29 1 10 0.4666666666666667
30 2 3 0.4703703703703704
31 2 4 0.4740740740740741
32 2 5 0.4777777777777778
33 2 6 0.4814814814814815
34 2 7 0.48518518518518516
35 2 8 0.48888888888888893
36 2 9 0.4925925925925926
37 2 10 0.4962962962962963
38 3 4 0.5
39 3 5 0.5037037037037038
40 3 6 0.5074074074074074
41 3 7 0.5111111111111111
42 3 8 0.5148148148148148
43 3 9 0.5185185185185185
44 3 10 0.5222222222222223
45 4 5 0.5259259259259259
46 4 6 0.5296296296296297
47 4 7 0.5333333333333333
48 4 8 0.537037037037037
49 4 9 0.5407407407407407
50 4 10 0.5444444444444444
51 5 6 0.5481481481481482
52 5 7 0.5518518518518518
53 5 8 0.5555555555555556
54 5 9 0.5592592592592592
55 5 10 0.5629629629629629
56 6 7 0.5666666666666667
57 6 8 0.5703703703703704
58 6 9 0.5740740740740741
59 6 10 0.5777777777777777
60 7 8 0.5814814814814815
61 7 9 0.5851851851851851
62 7 10 0.5888888888888889
63 8 9 0.5925925925925926
64 8 10 0.5962962962962963
65 9 10 0.6
11 12 13 14 15 16 17 18 19 20 0
11 21 22 23 24 25 26 27 28 29 1
12 21 30 31 32 33 34 35 36 37 2
13 22 30 38 39 40 41 42 43 44 3
14 23 31 38 45 46 47 48 49 50 4
15 24 32 39 45 51 52 53 54 55 5
16 25 33 40 46 51 56 57 58 59 6
17 26 34 41 47 52 56 60 61 62 7
18 27 35 42 48 53 57 60 63 64 8
19 28 36 43 49 54 58 61 63 65 9
20 29 37 44 50 55 59 62 64 65 10
56 61 15 16 25 17 19 20 29 44 11
29 11 55 59 61 15 16 25 17 19 20
58 11 55 59 61 15 16 25 17 19 20
44 55 58 59 61 15 16 25 17 19 20
62 13 17 20 29 44 11 55 56 58 59
19 13 17 20 29 44 11 55 56 58 59
25 33 34 36 37 40 55 56 58 59 62
37 56 58 59 61 13 15 16 33 34 36
40 56 58 59 61 13 15 16 33 34 36
55 56 58 59 61 13 15 16 33 34 36
62 61 13 15 16 33 34 36 37 40 55
12 31 33 34 36 37 46 47 49 50 14
20 31 33 34 36 37 46 47 49 50 14
47 57 64 65 31 33 34 36 37 46 49
50 57 64 65 31 33 34 36 37 46 49
14 57 64 65 31 33 34 36 37 46 49
49 57 64 12 18 25 29 40 44 11 46
20 57 64 12 18 25 29 40 44 11 46
47 57 64 12 18 25 29 40 44 11 46
49 50 65 14 18 25 29 40 44 11 46
20 50 65 14 18 25 29 40 44 11 46
47 50 65 14 18 25 29 40 44 11 46
12 63 13 14 21 23 26 28 32 48 35
60 63 13 14 21 23 26 28 32 48 35
53 63 13 14 21 23 26 28 32 48 35
15 60 11 24 21 23 26 28 32 48 35
53 60 11 24 21 23 26 28 32 48 35
12 11 15 24 21 23 26 28 32 48 35
35 11 13 14 24 17 18 19 22 27 30
22 53 60 63 11 13 14 24 17 18 27
60 30 53 63 11 13 14 24 17 18 27
19 30 53 63 11 13 14 24 17 18 27
12 17 18 19 22 27 30 35 53 60 63
15 17 18 19 22 27 30 35 53 60 63
38 42 43 51 22 23 24 27 28 48 39
41 26 43 51 22 23 24 27 28 48 39
42 26 43 51 22 23 24 27 28 48 39
38 26 45 52 54 22 23 27 28 48 39
24 26 45 52 54 22 23 27 28 48 39
41 45 52 54 22 23 24 27 28 48 39
42 45 52 26 16 31 21 30 32 38 39
51 45 52 26 16 31 21 30 32 38 39
41 45 52 26 16 31 21 30 32 38 39
16 54 31 21 30 32 38 39 41 42 51
43 54 31 21 30 32 38 39 41 42 51
