78
67
0
1
2
3
4
5
6
7
8
9
10
11
12 0 1 0.4
13 0 2 0.4030769230769231
14 0 3 0.4061538461538462
15 0 4 0.40923076923076923
16 0 5 0.4123076923076923
17 0 6 0.4153846153846154
18 0 7 0.4184615384615385
19 0 8 0.42153846153846153
20 0 9 0.4246153846153846
21 0 10 0.4276923076923077
22 0 11 0.4307692307692308
23 1 2 0.4338461538461539
24 1 3 0.4369230769230769
25 1 4 0.44
26 1 5 0.4430769230769231
27 1 6 0.4461538461538462
28 1 7 0.4492307692307692
29 1 8 0.4523076923076923
30 1 9 0.4553846153846154
31 1 10 0.4584615384615385
32 1 11 0.46153846153846156
33 2 3 0.46461538461538465
34 2 4 0.4676923076923077
35 2 5 0.4707692307692308
36 2 6 0.47384615384615386
37 2 7 0.4769230769230769
38 2 8 0.48
39 2 9 0.48307692307692307
40 2 10 0.48615384615384616
41 2 11 0.48923076923076925
42 3 4 0.49230769230769234
43 3 5 0.49538461538461537
44 3 6 0.49846153846153846
45 3 7 0.5015384615384615
46 3 8 0.5046153846153846
47 3 9 0.5076923076923077
48 3 10 0.5107692307692308
49 3 11 0.5138461538461538
50 4 5 0.5169230769230769
51 4 6 0.52
52 4 7 0.5230769230769231
53 4 8 0.5261538461538462
54 4 9 0.5292307692307692
55 4 10 0.5323076923076923
56 4 11 0.5353846153846153
57 5 6 0.5384615384615384
58 5 7 0.5415384615384615
59 5 8 0.5446153846153846
60 5 9 0.5476923076923077
61 5 10 0.5507692307692308
62 5 11 0.5538461538461539
63 6 7 0.5569230769230769
64 6 8 0.5599999999999999
65 6 9 0.563076923076923
66 6 10 0.5661538461538461
67 6 11 0.5692307692307692
68 7 8 0.5723076923076923
69 7 9 0.5753846153846154
70 7 10 0.5784615384615385
71 7 11 0.5815384615384616
72 8 9 0.5846153846153845
73 8 10 0.5876923076923076
74 8 11 0.5907692307692307
75 9 10 0.5938461538461538
76 9 11 0.5969230769230769
77 10 11 0.6
12 13 14 15 16 17 18 19 20 21 22 0
12 23 24 25 26 27 28 29 30 31 32 1
13 23 33 34 35 36 37 38 39 40 41 2
14 24 33 42 43 44 45 46 47 48 49 3
15 25 34 42 50 51 52 53 54 55 56 4
16 26 35 43 50 57 58 59 60 61 62 5
17 27 36 44 51 57 63 64 65 66 67 6
18 28 37 45 52 58 63 68 69 70 71 7
19 29 38 46 53 59 64 68 72 73 74 8
20 30 39 47 54 60 65 69 72 75 76 9
21 31 40 48 55 61 66 70 73 75 77 10
22 32 41 49 56 62 67 71 74 76 77 11
45 71 74 77 76 33 37 39 41 44 47 48
74 67 71 77 76 33 37 39 41 44 47 48
49 67 71 77 76 33 37 39 41 44 47 48
44 47 45 67 56 69 70 75 76 33 37 39
49 47 45 67 56 69 70 75 76 33 37 39
41 45 49 67 56 69 70 75 76 33 37 39
48 56 69 70 75 76 33 37 39 41 44 47
71 49 69 70 75 15 19 22 24 30 31 45
48 49 69 70 75 15 19 22 24 30 31 45
32 67 69 71 75 15 19 22 24 30 31 45
70 67 69 71 75 15 19 22 24 30 31 45
49 67 56 74 77 19 22 24 30 31 32 48
15 67 56 74 77 19 22 24 30 31 32 48
45 56 74 77 15 19 22 24 30 31 32 48
17 14 18 39 40 30 31 32 37 41 62 63
65 66 18 39 40 30 31 32 37 41 62 63
14 66 18 39 40 30 31 32 37 41 62 63
12 65 13 16 40 30 31 32 37 41 62 66
63 65 13 16 40 30 31 32 37 41 62 66
17 12 13 16 40 30 31 32 37 41 62 66
62 66 13 39 20 21 22 24 33 44 47 65
12 66 13 39 20 21 22 24 33 44 47 65
63 66 13 39 20 21 22 24 33 44 47 65
14 65 16 17 18 20 21 22 24 33 44 47
63 65 16 17 18 20 21 22 24 33 44 47
62 12 16 17 18 20 21 22 24 33 44 47
14 12 16 17 18 20 21 22 24 33 44 47
58 68 13 15 38 19 23 25 26 28 29 50
53 68 13 15 38 19 23 25 26 28 29 50
34 52 13 15 38 19 23 25 26 28 29 50
68 52 13 15 38 19 23 25 26 28 29 50
53 59 12 14 19 23 25 26 28 29 34 58
50 59 12 14 19 23 25 26 28 29 34 58
52 59 12 14 19 23 25 26 28 29 34 58
38 52 68 13 16 17 18 27 35 36 43 53
50 52 68 13 16 17 18 27 35 36 43 53
59 68 13 38 16 17 18 27 35 36 43 53
50 58 12 14 15 16 17 18 27 35 36 43
52 58 12 14 15 16 17 18 27 35 36 43
53 59 58 14 15 16 17 18 27 35 36 43
12 59 58 14 15 16 17 18 27 35 36 43
51 57 55 64 40 23 34 35 36 38 43 42
61 57 55 64 40 23 34 35 36 38 43 42
46 55 61 64 40 23 34 35 36 38 43 42
54 46 60 72 21 40 23 34 35 36 38 42
43 46 60 72 21 40 23 34 35 36 38 42
60 57 54 72 21 40 23 34 35 36 38 42
51 57 54 72 21 40 23 34 35 36 38 42
42 46 51 55 57 61 64 21 73 20 25 26
27 46 51 55 57 61 64 21 73 20 25 26
28 46 51 55 57 61 64 21 73 20 25 26
29 57 61 64 21 73 20 25 26 27 28 42
55 54 60 72 73 20 25 26 27 28 29 42
51 54 60 72 73 20 25 26 27 28 29 42
46 54 60 72 73 20 25 26 27 28 29 42
