91
79
0
1
2
3
4
5
6
7
8
9
10
11
12
13 0 1 0.4992107851437305
14 0 2 0.597495545339615
15 0 3 0.4987181186160581
16 0 4 0.43438908647827906
17 0 5 0.5282843106010808
18 0 6 0.566188472973133
19 0 7 0.5632655985696958
20 0 8 0.42236059669228154
21 0 9 0.5563984232894634
22 0 10 0.43985043461058393
23 0 11 0.5617763819110454
24 0 12 0.5298596032083491
25 1 2 0.4823462739345178
26 1 3 0.44375558254758274
27 1 4 0.5839939440790297
28 1 5 0.5595428717522705
29 1 6 0.5486400698351607
30 1 7 0.5603948092490655
31 1 8 0.41955028061382993
32 1 9 0.5535818920364132
33 1 10 0.5015953717291248
34 1 11 0.47917454934299636
35 1 12 0.5517622049313059
36 2 3 0.4855369263961422
37 2 4 0.43347126541749015
38 2 5 0.5131287866658
39 2 6 0.44816067128337894
40 2 7 0.49763655517086314
41 2 8 0.4571193069499246
42 2 9 0.5877207250305577
43 2 10 0.45290778834626666
44 2 11 0.532831409751602
45 2 12 0.4864258942225379
46 3 4 0.5798949680418344
47 3 5 0.5157478491535827
48 3 6 0.40141684719082654
49 3 7 0.4417386886244833
50 3 8 0.4938857135810165
51 3 9 0.5372129277827116
52 3 10 0.5921288271068207
53 3 11 0.44030517048958384
54 3 12 0.5981062187910454
55 4 5 0.46480226507170647
56 4 6 0.5781198159518249
57 4 7 0.5490379670046767
58 4 8 0.43100716571889347
59 4 9 0.533192602937104
60 4 10 0.4836323095898115
61 4 11 0.4302273281303489
62 4 12 0.5405156238680795
63 5 6 0.5187036416061565
64 5 7 0.5859863502378344
65 5 8 0.5936522863886601
66 5 9 0.4614212643980218
67 5 10 0.4659052434464042
68 5 11 0.4629342844006836
69 5 12 0.5321934241713853
70 6 7 0.5000456830391501
71 6 8 0.45074875999065384
72 6 9 0.5982169688616968
73 6 10 0.507570192285214
74 6 11 0.5128790628628845
75 6 12 0.5645706139097065
76 7 8 0.5602474392389905
77 7 9 0.5264917695841856
78 7 10 0.43252347485240655
79 7 11 0.4699312380874688
80 7 12 0.49571903633704706
81 8 9 0.5427650639014487
82 8 10 0.537941932657787
83 8 11 0.41902784476569466
84 8 12 0.4471138276539844
85 9 10 0.48904283528827486
86 9 11 0.5263684908449014
87 9 12 0.5710258494621743
88 10 11 0.4044545795087515
89 10 12 0.5078857104357755
90 11 12 0.5940420083505187
13 14 15 16 17 18 19 20 21 22 23 24 0
13 25 26 27 28 29 30 31 32 33 34 35 1
14 25 36 37 38 39 40 41 42 43 44 45 2
15 26 36 46 47 48 49 50 51 52 53 54 3
16 27 37 46 55 56 57 58 59 60 61 62 4
17 28 38 47 55 63 64 65 66 67 68 69 5
18 29 39 48 56 63 70 71 72 73 74 75 6
19 30 40 49 57 64 70 76 77 78 79 80 7
20 31 41 50 58 65 71 76 81 82 83 84 8
21 32 42 51 59 66 72 77 81 85 86 87 9
22 33 43 52 60 67 73 78 82 85 88 89 10
23 34 44 53 61 68 74 79 83 86 88 90 11
24 35 45 54 62 69 75 80 84 87 89 90 12
71 75 83 84 20 88 89 90 22 23 36 41 50
45 75 83 84 20 88 89 90 22 23 36 41 50
83 53 75 84 20 88 89 90 22 23 36 41 50
52 53 75 84 20 88 89 90 22 23 36 41 50
53 54 58 61 74 88 89 90 22 23 36 41 52
45 54 58 61 74 88 89 90 22 23 36 41 52
50 71 54 58 61 88 89 90 22 23 36 41 52
74 71 54 58 61 88 89 90 22 23 36 41 52
48 46 50 53 54 58 83 84 20 24 26 27 31
46 35 50 53 54 58 83 84 20 24 26 27 31
34 35 50 53 54 58 83 84 20 24 26 27 31
52 54 58 83 84 20 24 26 27 31 34 35 48
69 54 58 83 84 20 24 26 27 31 34 35 48
50 53 61 71 75 24 26 27 31 34 35 46 69
74 53 61 71 75 24 26 27 31 34 35 46 69
48 52 71 74 75 24 26 27 31 34 35 46 69
61 52 71 74 75 24 26 27 31 34 35 46 69
87 80 81 86 21 18 19 26 36 41 45 46 56
48 80 81 86 21 18 19 26 36 41 45 46 56
81 62 86 87 21 18 19 26 36 41 45 46 56
51 62 86 87 21 18 19 26 36 41 45 46 56
48 56 14 15 16 18 19 26 36 41 45 46 62
13 56 14 15 16 18 19 26 36 41 45 46 62
51 80 14 15 16 18 19 26 36 41 45 46 62
13 80 14 15 16 18 19 26 36 41 45 46 62
81 62 86 87 21 17 29 24 27 31 34 35 69
56 62 86 87 21 17 29 24 27 31 34 35 69
14 81 86 87 21 17 29 24 27 31 34 35 69
51 81 86 87 21 17 29 24 27 31 34 35 69
69 51 80 15 16 17 29 24 27 31 34 35 14
13 51 80 15 16 17 29 24 27 31 34 35 14
80 62 13 15 16 17 29 24 27 31 34 35 14
56 62 13 15 16 17 29 24 27 31 34 35 14
57 49 59 60 73 77 85 15 29 25 28 30 32
47 49 59 60 73 77 85 15 29 25 28 30 32
33 67 59 60 73 77 85 15 29 25 28 30 32
57 67 59 60 73 77 85 15 29 25 28 30 32
49 30 32 47 64 66 68 70 72 77 85 15 28
25 30 32 47 64 66 68 70 72 77 85 15 28
29 32 47 49 64 66 68 70 72 77 85 15 28
33 64 66 68 70 72 77 85 15 29 25 28 30
67 64 66 68 70 72 77 85 15 29 25 28 30
40 47 49 59 60 67 68 73 78 37 38 39 42
43 47 49 59 60 67 68 73 78 37 38 39 42
79 47 49 59 60 67 68 73 78 37 38 39 42
57 60 67 68 73 78 37 38 39 40 42 43 79
70 49 64 66 72 78 37 38 39 40 42 43 57
47 49 64 66 72 78 37 38 39 40 42 43 57
79 59 64 66 70 72 78 38 39 40 42 43 57
37 59 64 66 70 72 78 38 39 40 42 43 57
17 63 65 82 14 20 25 37 38 39 40 42 13
43 63 65 82 14 20 25 37 38 39 40 42 13
44 65 82 14 17 20 25 37 38 39 40 42 13
55 65 82 14 17 20 25 37 38 39 40 42 13
13 76 16 18 32 20 25 37 38 39 40 42 63
55 76 16 18 32 20 25 37 38 39 40 42 63
76 44 16 18 32 20 25 37 38 39 40 42 63
43 44 16 18 32 20 25 37 38 39 40 42 63
79 63 14 17 18 32 19 21 22 23 28 30 55
13 63 14 17 18 32 19 21 22 23 28 30 55
28 33 44 76 13 14 17 18 32 19 21 22 23
30 33 44 76 13 14 17 18 32 19 21 22 23
55 33 44 76 13 14 17 18 32 19 21 22 23
16 76 65 82 19 21 22 23 28 30 33 79 44
63 76 65 82 19 21 22 23 28 30 33 79 44
55 65 82 16 19 21 22 23 28 30 33 79 44
