105
92
0
1
2
3
4
5
6
7
8
9
10
11
12
13
14 0 1 0.4
15 0 2 0.40222222222222226
16 0 3 0.40444444444444444
17 0 4 0.4066666666666667
18 0 5 0.4088888888888889
19 0 6 0.41111111111111115
20 0 7 0.41333333333333333
21 0 8 0.41555555555555557
22 0 9 0.4177777777777778
23 0 10 0.42000000000000004
24 0 11 0.4222222222222222
25 0 12 0.42444444444444446
26 0 13 0.4266666666666667
27 1 2 0.42888888888888893
28 1 3 0.4311111111111111
29 1 4 0.43333333333333335
30 1 5 0.4355555555555556
31 1 6 0.4377777777777778
32 1 7 0.44
33 1 8 0.44222222222222224
34 1 9 0.4444444444444445
35 1 10 0.44666666666666666
36 1 11 0.4488888888888889
37 1 12 0.45111111111111113
38 1 13 0.45333333333333337
39 2 3 0.45555555555555555
40 2 4 0.4577777777777778
41 2 5 0.46
42 2 6 0.4622222222222222
43 2 7 0.46444444444444444
44 2 8 0.4666666666666667
45 2 9 0.4688888888888889
46 2 10 0.47111111111111115
47 2 11 0.47333333333333333
48 2 12 0.47555555555555556
49 2 13 0.4777777777777778
50 3 4 0.48
51 3 5 0.4822222222222222
52 3 6 0.48444444444444446
53 3 7 0.4866666666666667
54 3 8 0.48888888888888893
55 3 9 0.4911111111111111
56 3 10 0.49333333333333335
57 3 11 0.4955555555555555
58 3 12 0.49777777777777776
59 3 13 0.5
60 4 5 0.5022222222222222
61 4 6 0.5044444444444445
62 4 7 0.5066666666666667
63 4 8 0.508888888888889
64 4 9 0.5111111111111111
65 4 10 0.5133333333333333
66 4 11 0.5155555555555555
67 4 12 0.5177777777777778
68 4 13 0.52
69 5 6 0.5222222222222223
70 5 7 0.5244444444444445
71 5 8 0.5266666666666666
72 5 9 0.5288888888888889
73 5 10 0.5311111111111111
74 5 11 0.5333333333333333
75 5 12 0.5355555555555556
76 5 13 0.5377777777777778
77 6 7 0.54
78 6 8 0.5422222222222222
79 6 9 0.5444444444444444
80 6 10 0.5466666666666666
81 6 11 0.5488888888888889
82 6 12 0.5511111111111111
83 6 13 0.5533333333333333
84 7 8 0.5555555555555556
85 7 9 0.5577777777777777
86 7 10 0.56
87 7 11 0.5622222222222222
88 7 12 0.5644444444444444
89 7 13 0.5666666666666667
90 8 9 0.5688888888888889
91 8 10 0.5711111111111111
92 8 11 0.5733333333333334
93 8 12 0.5755555555555556
94 8 13 0.5777777777777777
95 9 10 0.58
96 9 11 0.5822222222222222
97 9 12 0.5844444444444444
98 9 13 0.5866666666666667
99 10 11 0.5888888888888889
100 10 12 0.5911111111111111
101 10 13 0.5933333333333333
102 11 12 0.5955555555555555
103 11 13 0.5977777777777777
104 12 13 0.6
14 15 16 17 18 19 20 21 22 23 24 25 26 0
14 27 28 29 30 31 32 33 34 35 36 37 38 1
15 27 39 40 41 42 43 44 45 46 47 48 49 2
16 28 39 50 51 52 53 54 55 56 57 58 59 3
17 29 40 50 60 61 62 63 64 65 66 67 68 4
18 30 41 51 60 69 70 71 72 73 74 75 76 5
19 31 42 52 61 69 77 78 79 80 81 82 83 6
20 32 43 53 62 70 77 84 85 86 87 88 89 7
21 33 44 54 63 71 78 84 90 91 92 93 94 8
22 34 45 55 64 72 79 85 90 95 96 97 98 9
23 35 46 56 65 73 80 86 91 95 99 100 101 10
24 36 47 57 66 74 81 87 92 96 99 102 103 11
25 37 48 58 67 75 82 88 93 97 100 102 104 12
26 38 49 59 68 76 83 89 94 98 101 103 104 13
84 59 83 86 89 95 98 17 20 22 26 44 46 49
52 59 83 86 89 95 98 17 20 22 26 44 46 49
26 68 63 65 83 84 86 89 95 98 17 20 22 44
83 49 68 63 65 84 86 89 95 98 17 20 22 44
46 49 68 63 65 84 86 89 95 98 17 20 22 44
65 76 90 92 94 103 98 17 20 22 26 44 46 52
59 76 90 92 94 103 98 17 20 22 26 44 46 52
44 49 68 63 76 90 92 94 103 98 17 20 22 26
49 52 68 63 76 90 92 94 103 98 17 20 22 26
46 52 68 63 76 90 92 94 103 98 17 20 22 26
59 38 63 65 84 86 89 92 94 101 78 28 33 35
36 38 63 65 84 86 89 92 94 101 78 28 33 35
54 59 63 65 84 86 89 92 94 101 78 28 33 35
51 84 86 89 92 94 101 78 28 33 35 36 38 54
83 84 86 89 92 94 101 78 28 33 35 36 38 54
90 59 76 95 103 101 78 28 33 35 36 38 51 83
54 59 76 95 103 101 78 28 33 35 36 38 51 83
90 65 76 95 103 101 78 28 33 35 36 38 51 83
63 65 76 95 103 101 78 28 33 35 36 38 51 83
38 91 100 104 14 25 16 21 23 24 28 33 35 57
93 91 100 104 14 25 16 21 23 24 28 33 35 57
33 35 54 56 93 100 104 14 25 16 21 23 24 28
36 35 54 56 93 100 104 14 25 16 21 23 24 28
57 36 54 56 93 100 104 14 25 16 21 23 24 28
36 57 73 74 80 99 16 21 23 24 28 33 35 38
71 57 73 74 80 99 16 21 23 24 28 33 35 38
56 35 54 91 71 73 74 80 99 16 21 23 24 28
33 35 54 91 71 73 74 80 99 16 21 23 24 28
38 54 56 91 71 73 74 80 99 16 21 23 24 28
100 93 91 99 104 25 15 18 19 26 44 46 49 51
68 93 91 99 104 25 15 18 19 26 44 46 49 51
49 52 56 57 91 99 100 104 25 15 18 19 26 46
44 51 52 57 91 99 100 104 25 15 18 19 26 46
56 51 52 57 91 99 100 104 25 15 18 19 26 46
71 56 73 74 80 14 15 18 19 26 44 46 49 51
52 56 73 74 80 14 15 18 19 26 44 46 49 51
46 68 57 93 71 73 74 80 14 15 18 19 26 44
49 51 68 93 71 73 74 80 14 15 18 19 26 44
57 51 68 93 71 73 74 80 14 15 18 19 26 44
30 45 50 55 60 61 64 69 72 75 96 97 27 29
31 45 50 55 60 61 64 69 72 75 96 97 27 29
32 45 50 55 60 61 64 69 72 75 96 97 27 29
60 37 61 64 69 72 75 96 97 27 29 30 31 32
34 37 61 64 69 72 75 96 97 27 29 30 31 32
34 53 62 66 70 85 75 96 97 27 29 30 31 32
37 53 62 66 70 85 75 96 97 27 29 30 31 32
30 45 50 55 53 62 66 70 85 75 96 97 27 29
50 32 45 55 53 62 66 70 85 75 96 97 27 29
31 32 45 55 53 62 66 70 85 75 96 97 27 29
70 66 55 72 85 79 21 78 39 40 41 42 43 50
47 66 55 72 85 79 21 78 39 40 41 42 43 50
55 53 70 72 85 79 21 78 39 40 41 42 43 50
45 53 70 72 85 79 21 78 39 40 41 42 43 50
60 47 43 50 53 61 62 64 69 79 21 78 39 40
42 47 43 50 53 61 62 64 69 79 21 78 39 40
41 43 50 53 60 61 62 64 69 79 21 78 39 40
61 66 60 62 64 69 79 21 78 39 40 41 42 47
45 66 60 62 64 69 79 21 78 39 40 41 42 47
58 87 77 82 16 18 17 20 27 29 31 32 37 39
81 87 77 82 16 18 17 20 27 29 31 32 37 39
39 40 43 48 77 81 82 16 18 17 20 27 29 32
37 40 43 48 77 81 82 16 18 17 20 27 29 32
31 40 43 48 77 81 82 16 18 17 20 27 29 32
39 40 43 48 67 88 102 14 15 17 20 27 29 31
17 37 40 43 48 67 88 102 14 15 20 27 29 31
32 37 40 43 48 67 88 102 14 15 20 27 29 31
87 67 88 102 14 15 17 20 27 29 31 32 37 39
58 67 88 102 14 15 17 20 27 29 31 32 37 39
81 47 77 82 102 18 19 22 23 24 25 30 34 41
42 47 77 82 102 18 19 22 23 24 25 30 34 41
34 48 58 88 77 81 82 102 18 19 22 23 24 30
41 48 58 88 77 81 82 102 18 19 22 23 24 30
25 48 58 88 77 81 82 102 18 19 22 23 24 30
58 88 67 14 15 16 19 22 23 24 25 30 34 41
87 88 67 14 15 16 19 22 23 24 25 30 34 41
34 42 47 48 67 87 14 15 16 19 22 23 24 25
30 41 42 48 67 87 14 15 16 19 22 23 24 25
47 41 42 48 67 87 14 15 16 19 22 23 24 25
