120
106
0
1
2
3
4
5
6
7
8
9
10
11
12
13
14
15 0 1 0.4
16 0 2 0.40192307692307694
17 0 3 0.40384615384615385
18 0 4 0.40576923076923077
19 0 5 0.4076923076923077
20 0 6 0.40961538461538466
21 0 7 0.4115384615384616
22 0 8 0.4134615384615385
23 0 9 0.4153846153846154
24 0 10 0.4173076923076923
25 0 11 0.41923076923076924
26 0 12 0.42115384615384616
27 0 13 0.4230769230769231
28 0 14 0.42500000000000004
29 1 2 0.42692307692307696
30 1 3 0.4288461538461539
31 1 4 0.4307692307692308
32 1 5 0.4326923076923077
33 1 6 0.4346153846153846
34 1 7 0.43653846153846154
35 1 8 0.43846153846153846
36 1 9 0.4403846153846154
37 1 10 0.44230769230769235
38 1 11 0.44423076923076926
39 1 12 0.4461538461538462
40 1 13 0.4480769230769231
41 1 14 0.45
42 2 3 0.4519230769230769
43 2 4 0.45384615384615384
44 2 5 0.45576923076923076
45 2 6 0.45769230769230773
46 2 7 0.45961538461538465
47 2 8 0.46153846153846156
48 2 9 0.4634615384615385
49 2 10 0.4653846153846154
50 2 11 0.4673076923076923
51 2 12 0.46923076923076923
52 2 13 0.47115384615384615
53 2 14 0.47307692307692306
54 3 4 0.475
55 3 5 0.47692307692307695
56 3 6 0.47884615384615387
57 3 7 0.4807692307692308
58 3 8 0.4826923076923077
59 3 9 0.4846153846153846
60 3 10 0.48653846153846153
61 3 11 0.4884615384615385
62 3 12 0.4903846153846154
63 3 13 0.49230769230769234
64 3 14 0.49423076923076925
65 4 5 0.49615384615384617
66 4 6 0.4980769230769231
67 4 7 0.5
68 4 8 0.5019230769230769
69 4 9 0.5038461538461538
70 4 10 0.5057692307692307
71 4 11 0.5076923076923077
72 4 12 0.5096153846153846
73 4 13 0.5115384615384615
74 4 14 0.5134615384615384
75 5 6 0.5153846153846153
76 5 7 0.5173076923076924
77 5 8 0.5192307692307693
78 5 9 0.5211538461538462
79 5 10 0.5230769230769231
80 5 11 0.525
81 5 12 0.5269230769230769
82 5 13 0.5288461538461539
83 5 14 0.5307692307692308
84 6 7 0.5326923076923077
85 6 8 0.5346153846153846
86 6 9 0.5365384615384615
87 6 10 0.5384615384615384
88 6 11 0.5403846153846154
89 6 12 0.5423076923076923
90 6 13 0.5442307692307693
91 6 14 0.5461538461538462
92 7 8 0.5480769230769231
93 7 9 0.55
94 7 10 0.551923076923077
95 7 11 0.5538461538461539
96 7 12 0.5557692307692308
97 7 13 0.5576923076923077
98 7 14 0.5596153846153846
99 8 9 0.5615384615384615
100 8 10 0.5634615384615385
101 8 11 0.5653846153846154
102 8 12 0.5673076923076923
103 8 13 0.5692307692307692
104 8 14 0.5711538461538461
105 9 10 0.573076923076923
106 9 11 0.575
107 9 12 0.5769230769230769
108 9 13 0.5788461538461538
109 9 14 0.5807692307692307
110 10 11 0.5826923076923076
111 10 12 0.5846153846153845
112 10 13 0.5865384615384616
113 10 14 0.5884615384615385
114 11 12 0.5903846153846154
115 11 13 0.5923076923076923
116 11 14 0.5942307692307692
117 12 13 0.5961538461538461
118 12 14 0.5980769230769231
119 13 14 0.6
15 16 17 18 19 20 21 22 23 24 25 26 27 28 0
15 29 30 31 32 33 34 35 36 37 38 39 40 41 1
16 29 42 43 44 45 46 47 48 49 50 51 52 53 2
17 30 42 54 55 56 57 58 59 60 61 62 63 64 3
18 31 43 54 65 66 67 68 69 70 71 72 73 74 4
19 32 44 55 65 75 76 77 78 79 80 81 82 83 5
20 33 45 56 66 75 84 85 86 87 88 89 90 91 6
21 34 46 57 67 76 84 92 93 94 95 96 97 98 7
22 35 47 58 68 77 85 92 99 100 101 102 103 104 8
23 36 48 59 69 78 86 93 99 105 106 107 108 109 9
24 37 49 60 70 79 87 94 100 105 110 111 112 113 10
25 38 50 61 71 80 88 95 101 106 110 114 115 116 11
26 39 51 62 72 81 89 96 102 107 111 114 117 118 12
27 40 52 63 73 82 90 97 103 108 112 115 117 119 13
28 41 53 64 74 83 91 98 104 109 113 116 118 119 14
23 27 77 55 60 66 74 100 109 49 16 17 18 19 24
22 28 27 55 60 66 74 100 109 49 16 17 18 19 24
77 28 27 55 60 66 74 100 109 49 16 17 18 19 24
28 45 58 59 60 66 74 100 109 49 16 17 18 19 24
22 45 58 59 60 66 74 100 109 49 16 17 18 19 24
23 45 58 59 60 66 74 100 109 49 16 17 18 19 24
23 28 77 58 63 82 90 103 15 16 17 18 19 22 27
28 55 77 58 63 82 90 103 15 16 17 18 19 22 27
24 55 77 58 63 82 90 103 15 16 17 18 19 22 27
82 59 63 90 103 15 16 17 18 19 22 23 24 27 55
45 59 63 90 103 15 16 17 18 19 22 23 24 27 55
41 47 48 55 60 82 90 100 103 49 21 25 29 33 42
46 47 48 55 60 82 90 100 103 49 21 25 29 33 42
44 47 48 55 60 82 90 100 103 49 21 25 29 33 42
41 46 52 66 60 82 90 100 103 49 21 25 29 33 42
50 46 52 66 60 82 90 100 103 49 21 25 29 33 42
44 50 52 66 60 82 90 100 103 49 21 25 29 33 42
46 44 47 48 58 59 63 74 109 15 21 25 29 33 41
42 44 47 48 58 59 63 74 109 15 21 25 29 33 41
52 46 47 48 58 59 63 74 109 15 21 25 29 33 41
44 52 50 55 66 59 63 74 109 15 21 25 29 33 42
58 52 50 55 66 59 63 74 109 15 21 25 29 33 42
41 50 55 66 58 59 63 74 109 15 21 25 29 33 42
45 48 50 56 57 75 83 84 86 87 91 97 98 116 33
41 48 50 56 57 75 83 84 86 87 91 97 98 116 33
48 29 50 56 57 75 83 84 86 87 91 97 98 116 33
119 29 50 56 57 75 83 84 86 87 91 97 98 116 33
52 75 83 84 86 87 91 97 98 116 119 29 33 41 45
53 75 83 84 86 87 91 97 98 116 119 29 33 41 45
45 52 56 57 64 85 88 92 104 97 98 116 119 29 41
56 48 52 57 64 85 88 92 104 97 98 116 119 29 41
33 48 52 57 64 85 88 92 104 97 98 116 119 29 41
50 53 85 88 92 104 97 98 116 119 29 33 41 45 48
64 53 85 88 92 104 97 98 116 119 29 33 41 45 48
44 49 46 53 64 75 83 85 91 104 113 118 20 26 76
28 49 46 53 64 75 83 85 91 104 113 118 20 26 76
42 44 46 53 64 75 83 85 91 104 113 118 20 26 76
77 42 47 56 64 75 83 85 91 104 113 118 20 26 28
76 42 47 56 64 75 83 85 91 104 113 118 20 26 28
49 47 77 56 64 75 83 85 91 104 113 118 20 26 28
42 47 49 77 57 84 86 87 88 92 113 118 20 26 28
76 46 49 77 57 84 86 87 88 92 113 118 20 26 28
47 46 49 77 57 84 86 87 88 92 113 118 20 26 28
53 42 44 56 57 84 86 87 88 92 113 118 20 26 76
28 42 44 56 57 84 86 87 88 92 113 118 20 26 76
46 44 53 56 57 84 86 87 88 92 113 118 20 26 76
35 37 38 54 89 106 15 16 17 18 22 24 30 31 34
36 37 38 54 89 106 15 16 17 18 22 24 30 31 34
69 37 38 54 89 106 15 16 17 18 22 24 30 31 34
35 39 67 93 89 106 15 16 17 18 22 24 30 31 34
39 69 67 93 89 106 15 16 17 18 22 24 30 31 34
36 69 67 93 89 106 15 16 17 18 22 24 30 31 34
36 69 67 93 95 96 99 107 19 22 24 30 31 34 35
54 69 67 93 95 96 99 107 19 22 24 30 31 34 35
37 54 67 93 95 96 99 107 19 22 24 30 31 34 35
96 39 95 99 107 19 22 24 30 31 34 35 36 37 69
38 39 95 99 107 19 22 24 30 31 34 35 36 37 69
27 40 51 89 99 107 15 16 18 19 20 21 23 25 26
32 40 51 89 99 107 15 16 18 19 20 21 23 25 26
43 40 51 89 99 107 15 16 18 19 20 21 23 25 26
32 65 67 69 99 107 15 16 18 19 20 21 23 25 26
67 43 65 69 99 107 15 16 18 19 20 21 23 25 26
27 43 65 69 99 107 15 16 18 19 20 21 23 25 26
32 43 51 89 93 95 96 106 17 20 21 23 25 26 27
40 43 51 89 93 95 96 106 17 20 21 23 25 26 27
65 43 51 89 93 95 96 106 17 20 21 23 25 26 27
69 93 95 96 106 17 20 21 23 25 26 27 32 40 65
67 93 95 96 106 17 20 21 23 25 26 27 32 40 65
117 54 65 79 62 72 73 78 80 81 105 108 110 111 112
54 115 65 79 62 72 73 78 80 81 105 108 110 111 112
114 115 65 79 62 72 73 78 80 81 105 108 110 111 112
61 115 43 51 62 72 73 78 80 81 105 108 110 111 112
114 115 43 51 62 72 73 78 80 81 105 108 110 111 112
117 43 51 61 62 72 73 78 80 81 105 108 110 111 112
65 54 61 79 68 70 71 94 101 102 105 108 110 111 114
112 115 54 79 68 70 71 94 101 102 105 108 110 111 114
61 115 54 79 68 70 71 94 101 102 105 108 110 111 114
65 117 43 51 68 70 71 94 101 102 105 108 110 111 112
114 115 117 51 68 70 71 94 101 102 105 108 110 111 112
43 115 117 51 68 70 71 94 101 102 105 108 110 111 112
68 62 78 79 81 102 76 30 31 32 34 35 36 37 38
61 62 78 79 81 102 76 30 31 32 34 35 36 37 38
36 39 40 70 68 78 79 81 102 76 30 31 32 34 35
37 38 40 70 68 78 79 81 102 76 30 31 32 34 35
39 38 40 70 68 78 79 81 102 76 30 31 32 34 35
35 38 39 40 71 72 73 80 94 101 76 30 31 32 34
61 38 39 40 71 72 73 80 94 101 76 30 31 32 34
36 38 39 40 71 72 73 80 94 101 76 30 31 32 34
35 37 62 70 71 72 73 80 94 101 76 30 31 32 34
36 37 62 70 71 72 73 80 94 101 76 30 31 32 34
61 37 62 70 71 72 73 80 94 101 76 30 31 32 34
