136
121
0
1
2
3
4
5
6
7
8
9
10
11
12
13
14
15
16 0 1 0.4
17 0 2 0.4016806722689076
18 0 3 0.40336134453781514
19 0 4 0.4050420168067227
20 0 5 0.40672268907563025
21 0 6 0.4084033613445378
22 0 7 0.4100840336134454
23 0 8 0.411764705882353
24 0 9 0.41344537815126053
25 0 10 0.4151260504201681
26 0 11 0.41680672268907565
27 0 12 0.4184873949579832
28 0 13 0.42016806722689076
29 0 14 0.4218487394957983
30 0 15 0.4235294117647059
31 1 2 0.4252100840336135
32 1 3 0.42689075630252105
33 1 4 0.4285714285714286
34 1 5 0.43025210084033616
35 1 6 0.4319327731092437
36 1 7 0.4336134453781513
37 1 8 0.43529411764705883
38 1 9 0.4369747899159664
39 1 10 0.43865546218487395
40 1 11 0.4403361344537815
41 1 12 0.44201680672268906
42 1 13 0.44369747899159667
43 1 14 0.44537815126050423
44 1 15 0.4470588235294118
45 2 3 0.44873949579831934
46 2 4 0.4504201680672269
47 2 5 0.45210084033613446
48 2 6 0.453781512605042
49 2 7 0.45546218487394957
50 2 8 0.4571428571428572
51 2 9 0.45882352941176474
52 2 10 0.4605042016806723
53 2 11 0.46218487394957986
54 2 12 0.4638655462184874
55 2 13 0.46554621848739497
56 2 14 0.4672268907563025
57 2 15 0.4689075630252101
58 3 4 0.47058823529411764
59 3 5 0.4722689075630252
60 3 6 0.47394957983193275
61 3 7 0.4756302521008403
62 3 8 0.4773109243697479
63 3 9 0.4789915966386555
64 3 10 0.48067226890756304
65 3 11 0.4823529411764706
66 3 12 0.48403361344537815
67 3 13 0.4857142857142857
68 3 14 0.48739495798319327
69 3 15 0.4890756302521009
70 4 5 0.49075630252100844
71 4 6 0.492436974789916
72 4 7 0.49411764705882355
73 4 8 0.4957983193277311
74 4 9 0.49747899159663866
75 4 10 0.4991596638655462
76 4 11 0.5008403361344538
77 4 12 0.5025210084033613
78 4 13 0.5042016806722689
79 4 14 0.5058823529411764
80 4 15 0.507563025210084
81 5 6 0.5092436974789916
82 5 7 0.5109243697478991
83 5 8 0.5126050420168067
84 5 9 0.5142857142857142
85 5 10 0.5159663865546218
86 5 11 0.5176470588235293
87 5 12 0.519327731092437
88 5 13 0.5210084033613446
89 5 14 0.5226890756302521
90 5 15 0.5243697478991597
91 6 7 0.5260504201680672
92 6 8 0.5277310924369748
93 6 9 0.5294117647058824
94 6 10 0.5310924369747899
95 6 11 0.5327731092436975
96 6 12 0.534453781512605
97 6 13 0.5361344537815126
98 6 14 0.5378151260504201
99 6 15 0.5394957983193277
100 7 8 0.5411764705882353
101 7 9 0.5428571428571428
102 7 10 0.5445378151260504
103 7 11 0.546218487394958
104 7 12 0.5478991596638656
105 7 13 0.5495798319327732
106 7 14 0.5512605042016807
107 7 15 0.5529411764705883
108 8 9 0.5546218487394958
109 8 10 0.5563025210084034
110 8 11 0.5579831932773109
111 8 12 0.5596638655462185
112 8 13 0.561344537815126
113 8 14 0.5630252100840336
114 8 15 0.5647058823529412
115 9 10 0.5663865546218487
116 9 11 0.5680672268907563
117 9 12 0.5697478991596638
118 9 13 0.5714285714285714
119 9 14 0.573109243697479
120 9 15 0.5747899159663865
121 10 11 0.5764705882352941
122 10 12 0.5781512605042016
123 10 13 0.5798319327731092
124 10 14 0.5815126050420167
125 10 15 0.5831932773109243
126 11 12 0.5848739495798319
127 11 13 0.5865546218487395
128 11 14 0.5882352941176471
129 11 15 0.5899159663865546
130 12 13 0.5915966386554622
131 12 14 0.5932773109243697
132 12 15 0.5949579831932773
133 13 14 0.5966386554621849
134 13 15 0.5983193277310924
135 14 15 0.6
16 17 18 19 20 21 22 23 24 25 26 27 28 29 30 0
16 31 32 33 34 35 36 37 38 39 40 41 42 43 44 1
17 31 45 46 47 48 49 50 51 52 53 54 55 56 57 2
18 32 45 58 59 60 61 62 63 64 65 66 67 68 69 3
19 33 46 58 70 71 72 73 74 75 76 77 78 79 80 4
20 34 47 59 70 81 82 83 84 85 86 87 88 89 90 5
21 35 48 60 71 81 91 92 93 94 95 96 97 98 99 6
22 36 49 61 72 82 91 100 101 102 103 104 105 106 107 7
23 37 50 62 73 83 92 100 108 109 110 111 112 113 114 8
24 38 51 63 74 84 93 101 108 115 116 117 118 119 120 9
25 39 52 64 75 85 94 102 109 115 121 122 123 124 125 10
26 40 53 65 76 86 95 103 110 116 121 126 127 128 129 11
27 41 54 66 77 87 96 104 111 117 122 126 130 131 132 12
28 42 55 67 78 88 97 105 112 118 123 127 130 133 134 13
29 43 56 68 79 89 98 106 113 119 124 128 131 133 135 14
30 44 57 69 80 90 99 107 114 120 125 129 132 134 135 15
62 69 65 79 102 116 120 125 134 135 18 33 36 37 40 44
58 69 65 79 102 116 120 125 134 135 18 33 36 37 40 44
61 62 65 79 102 116 120 125 134 135 18 33 36 37 40 44
61 78 74 91 102 116 120 125 134 135 18 33 36 37 40 58
44 78 74 91 102 116 120 125 134 135 18 33 36 37 40 58
69 78 74 91 102 116 120 125 134 135 18 33 36 37 40 58
61 78 74 91 95 99 101 106 108 128 18 33 36 37 40 58
44 65 78 74 91 95 99 101 108 128 18 33 36 37 40 58
106 65 78 74 91 95 99 101 108 128 18 33 36 37 40 58
61 62 69 79 95 99 101 106 108 128 18 33 36 37 40 44
65 62 69 79 95 99 101 106 108 128 18 33 36 37 40 44
58 62 69 79 95 99 101 106 108 128 18 33 36 37 40 44
25 28 30 57 101 102 116 120 125 134 16 17 19 21 24 26
49 28 30 57 101 102 116 120 125 134 16 17 19 21 24 26
29 30 49 57 101 102 116 120 125 134 16 17 19 21 24 26
28 53 74 91 101 102 116 120 125 134 16 17 19 21 24 25
26 29 53 91 101 102 116 120 125 134 16 17 19 21 24 25
74 29 53 91 101 102 116 120 125 134 16 17 19 21 24 25
26 49 74 91 79 95 99 106 108 128 135 16 17 19 21 24
25 28 49 74 91 79 99 106 108 128 135 16 17 19 21 24
95 28 49 74 91 79 99 106 108 128 135 16 17 19 21 24
29 26 30 53 57 79 95 99 106 108 128 135 16 17 19 21
24 26 30 53 57 79 95 99 106 108 128 135 16 17 19 21
25 28 29 30 53 79 95 99 106 108 128 135 16 17 19 21
57 28 29 30 53 79 95 99 106 108 128 135 16 17 19 21
49 53 78 72 76 77 80 100 103 105 110 112 117 126 127 130
57 53 78 72 76 77 80 100 103 105 110 112 117 126 127 130
58 57 78 72 76 77 80 100 103 105 110 112 117 126 127 130
73 53 61 62 65 69 76 77 80 100 103 105 110 112 117 130
49 53 61 62 65 69 76 77 80 100 103 105 110 112 117 130
112 130 127 58 61 62 65 69 73 76 77 80 100 103 105 110
126 130 127 58 61 62 65 69 73 76 77 80 100 103 105 110
117 126 127 58 61 62 65 69 73 76 77 80 100 103 105 110
62 65 69 78 72 90 104 107 111 132 117 126 127 130 49 58
61 65 69 78 72 90 104 107 111 132 117 126 127 130 49 58
69 57 65 78 72 90 104 107 111 132 117 126 127 130 49 58
53 57 65 78 72 90 104 107 111 132 117 126 127 130 49 58
73 90 104 107 111 132 117 126 127 130 49 53 57 58 61 62
30 33 40 72 100 103 105 107 110 112 114 129 20 22 23 27
41 37 33 40 72 100 103 105 107 112 114 129 20 22 23 27
110 37 33 40 72 100 103 105 107 112 114 129 20 22 23 27
44 37 36 90 100 103 105 107 110 112 114 129 20 22 23 27
41 37 36 90 100 103 105 107 110 112 114 129 20 22 23 27
30 36 44 90 100 103 105 107 110 112 114 129 20 22 23 27
33 36 72 90 73 76 77 80 104 111 132 114 129 20 22 23
90 41 36 72 73 76 77 80 104 111 132 114 129 20 22 23
27 41 36 72 73 76 77 80 104 111 132 114 129 20 22 23
37 41 30 40 44 73 76 77 80 104 111 132 114 129 20 22
27 41 30 40 44 73 76 77 80 104 111 132 114 129 20 22
23 33 30 40 44 73 76 77 80 104 111 132 114 129 20 22
37 33 30 40 44 73 76 77 80 104 111 132 114 129 20 22
32 45 46 47 51 56 63 70 81 84 113 119 16 25 31 43
39 45 46 47 51 56 63 70 81 84 113 119 16 25 31 43
43 34 35 38 45 46 47 51 56 63 70 81 84 113 119 16
25 31 35 38 45 46 47 51 56 63 70 81 84 113 119 16
34 31 35 38 45 46 47 51 56 63 70 81 84 113 119 16
59 63 70 81 84 113 119 16 25 31 32 34 35 38 39 43
47 35 39 45 59 68 71 86 89 98 121 19 16 25 31 46
34 35 39 45 59 68 71 86 89 98 121 19 16 25 31 46
38 39 45 47 59 68 71 86 89 98 121 19 16 25 31 46
32 39 45 47 59 68 71 86 89 98 121 19 16 25 31 46
46 43 51 56 68 71 86 89 98 121 19 16 25 31 32 34
35 38 51 56 68 71 86 89 98 121 19 16 25 31 32 34
43 38 51 56 68 71 86 89 98 121 19 16 25 31 32 34
23 42 48 19 56 84 86 89 98 113 119 133 17 18 20 21
24 42 48 19 56 84 86 89 98 113 119 133 17 18 20 21
26 42 48 19 56 84 86 89 98 113 119 133 17 18 20 21
26 28 29 50 88 56 84 86 89 98 113 119 133 17 18 21
20 28 29 50 88 56 84 86 89 98 113 119 133 17 18 21
24 28 29 50 88 56 84 86 89 98 113 119 133 17 18 21
23 28 29 50 88 56 84 86 89 98 113 119 133 17 18 21
23 26 42 88 59 63 68 70 71 81 121 133 17 18 20 21
28 26 42 88 59 63 68 70 71 81 121 133 17 18 20 21
24 26 42 88 59 63 68 70 71 81 121 133 17 18 20 21
23 29 48 50 19 59 63 68 70 71 81 121 133 17 18 24
20 29 48 50 19 59 63 68 70 71 81 121 133 17 18 24
21 28 48 50 19 59 63 68 70 71 81 121 133 17 18 24
29 28 48 50 19 59 63 68 70 71 81 121 133 17 18 24
131 22 43 46 75 52 54 55 82 83 85 87 97 109 115 118
122 22 43 46 75 52 54 55 82 83 85 87 97 109 115 118
124 131 43 46 75 52 54 55 82 83 85 87 97 109 115 118
123 131 43 46 75 52 54 55 82 83 85 87 97 109 115 118
88 22 27 51 52 54 55 82 83 85 87 97 109 115 118 123
122 22 27 51 52 54 55 82 83 85 87 97 109 115 118 123
124 27 51 88 52 54 55 82 83 85 87 97 109 115 118 123
75 131 22 88 60 64 66 67 92 93 96 97 109 115 118 123
124 131 22 88 60 64 66 67 92 93 96 97 109 115 118 123
122 131 22 88 60 64 66 67 92 93 96 97 109 115 118 123
27 123 43 46 51 60 64 66 67 92 93 96 97 109 115 118
122 123 43 46 51 60 64 66 67 92 93 96 97 109 115 118
27 75 43 46 51 60 64 66 67 92 93 96 97 109 115 118
124 75 43 46 51 60 64 66 67 92 93 96 97 109 115 118
39 47 52 66 55 60 82 92 93 96 94 41 31 32 34 48
38 47 52 66 55 60 82 92 93 96 94 41 31 32 34 48
35 47 52 66 55 60 82 92 93 96 94 41 31 32 34 48
48 42 45 50 55 60 82 92 93 96 94 41 31 32 34 35
38 42 45 50 55 60 82 92 93 96 94 41 31 32 34 35
39 42 45 50 55 60 82 92 93 96 94 41 31 32 34 35
32 45 48 50 66 54 64 67 75 83 85 87 94 41 31 34
41 35 38 39 45 48 50 66 54 64 67 75 83 85 87 94
35 34 38 39 45 48 50 66 54 64 67 75 83 85 87 94
31 34 38 39 45 48 50 66 54 64 67 75 83 85 87 94
35 42 47 52 54 64 67 75 83 85 87 94 41 31 32 34
38 39 47 52 54 64 67 75 83 85 87 94 41 31 32 34
42 39 47 52 54 64 67 75 83 85 87 94 41 31 32 34
