153
137
0
1
2
3
4
5
6
7
8
9
10
11
12
13
14
15
16
17 0 1 0.4
18 0 2 0.4014814814814815
19 0 3 0.40296296296296297
20 0 4 0.40444444444444444
21 0 5 0.40592592592592597
22 0 6 0.40740740740740744
23 0 7 0.4088888888888889
24 0 8 0.4103703703703704
25 0 9 0.41185185185185186
26 0 10 0.41333333333333333
27 0 11 0.41481481481481486
28 0 12 0.41629629629629633
29 0 13 0.4177777777777778
30 0 14 0.4192592592592593
31 0 15 0.42074074074074075
32 0 16 0.4222222222222222
33 1 2 0.4237037037037037
34 1 3 0.4251851851851852
35 1 4 0.4266666666666667
36 1 5 0.42814814814814817
37 1 6 0.42962962962962964
38 1 7 0.4311111111111111
39 1 8 0.43259259259259264
40 1 9 0.4340740740740741
41 1 10 0.4355555555555556
42 1 11 0.43703703703703706
43 1 12 0.43851851851851853
44 1 13 0.44
45 1 14 0.4414814814814815
46 1 15 0.442962962962963
47 1 16 0.4444444444444445
48 2 3 0.44592592592592595
49 2 4 0.4474074074074074
50 2 5 0.4488888888888889
51 2 6 0.45037037037037037
52 2 7 0.45185185185185184
53 2 8 0.45333333333333337
54 2 9 0.45481481481481484
55 2 10 0.4562962962962963
56 2 11 0.4577777777777778
57 2 12 0.45925925925925926
58 2 13 0.46074074074074073
59 2 14 0.4622222222222222
60 2 15 0.46370370370370373
61 2 16 0.4651851851851852
62 3 4 0.4666666666666667
63 3 5 0.46814814814814815
64 3 6 0.4696296296296296
65 3 7 0.47111111111111115
66 3 8 0.4725925925925926
67 3 9 0.4740740740740741
68 3 10 0.47555555555555556
69 3 11 0.47703703703703704
70 3 12 0.4785185185185185
71 3 13 0.48
72 3 14 0.4814814814814815
73 3 15 0.482962962962963
74 3 16 0.48444444444444446
75 4 5 0.48592592592592593
76 4 6 0.4874074074074074
77 4 7 0.48888888888888893
78 4 8 0.49037037037037035
79 4 9 0.4918518518518519
80 4 10 0.49333333333333335
81 4 11 0.4948148148148148
82 4 12 0.4962962962962963
83 4 13 0.49777777777777776
84 4 14 0.4992592592592593
85 4 15 0.5007407407407407
86 4 16 0.5022222222222222
87 5 6 0.5037037037037038
88 5 7 0.5051851851851852
89 5 8 0.5066666666666667
90 5 9 0.5081481481481481
91 5 10 0.5096296296296297
92 5 11 0.5111111111111111
93 5 12 0.5125925925925926
94 5 13 0.5140740740740741
95 5 14 0.5155555555555555
96 5 15 0.5170370370370371
97 5 16 0.5185185185185185
98 6 7 0.52
99 6 8 0.5214814814814814
100 6 9 0.522962962962963
101 6 10 0.5244444444444445
102 6 11 0.5259259259259259
103 6 12 0.5274074074074074
104 6 13 0.5288888888888889
105 6 14 0.5303703703703704
106 6 15 0.5318518518518518
107 6 16 0.5333333333333333
108 7 8 0.5348148148148149
109 7 9 0.5362962962962963
110 7 10 0.5377777777777778
111 7 11 0.5392592592592592
112 7 12 0.5407407407407407
113 7 13 0.5422222222222222
114 7 14 0.5437037037037037
115 7 15 0.5451851851851852
116 7 16 0.5466666666666666
117 8 9 0.5481481481481482
118 8 10 0.5496296296296297
119 8 11 0.5511111111111111
120 8 12 0.5525925925925925
121 8 13 0.554074074074074
122 8 14 0.5555555555555556
123 8 15 0.557037037037037
124 8 16 0.5585185185185185
125 9 10 0.56
126 9 11 0.5614814814814815
127 9 12 0.5629629629629629
128 9 13 0.5644444444444444
129 9 14 0.5659259259259259
130 9 15 0.5674074074074074
131 9 16 0.5688888888888889
132 10 11 0.5703703703703704
133 10 12 0.5718518518518518
134 10 13 0.5733333333333334
135 10 14 0.5748148148148148
136 10 15 0.5762962962962963
137 10 16 0.5777777777777777
138 11 12 0.5792592592592593
139 11 13 0.5807407407407408
140 11 14 0.5822222222222222
141 11 15 0.5837037037037037
142 11 16 0.5851851851851851
143 12 13 0.5866666666666667
144 12 14 0.5881481481481481
145 12 15 0.5896296296296296
146 12 16 0.5911111111111111
147 13 14 0.5925925925925926
148 13 15 0.5940740740740741
149 13 16 0.5955555555555555
150 14 15 0.597037037037037
151 14 16 0.5985185185185184
152 15 16 0.6
17 18 19 20 21 22 23 24 25 26 27 28 29 30 31 32 0
17 33 34 35 36 37 38 39 40 41 42 43 44 45 46 47 1
18 33 48 49 50 51 52 53 54 55 56 57 58 59 60 61 2
19 34 48 62 63 64 65 66 67 68 69 70 71 72 73 74 3
20 35 49 62 75 76 77 78 79 80 81 82 83 84 85 86 4
21 36 50 63 75 87 88 89 90 91 92 93 94 95 96 97 5
22 37 51 64 76 87 98 99 100 101 102 103 104 105 106 107 6
23 38 52 65 77 88 98 108 109 110 111 112 113 114 115 116 7
24 39 53 66 78 89 99 108 117 118 119 120 121 122 123 124 8
25 40 54 67 79 90 100 109 117 125 126 127 128 129 130 131 9
26 41 55 68 80 91 101 110 118 125 132 133 134 135 136 137 10
27 42 56 69 81 92 102 111 119 126 132 138 139 140 141 142 11
28 43 57 70 82 93 103 112 120 127 133 138 143 144 145 146 12
29 44 58 71 83 94 104 113 121 128 134 139 143 147 148 149 13
30 45 59 72 84 95 105 114 122 129 135 140 144 147 150 151 14
31 46 60 73 85 96 106 115 123 130 136 141 145 148 150 152 15
32 47 61 74 86 97 107 116 124 131 137 142 146 149 151 152 16
51 25 55 56 64 71 76 98 104 110 116 149 131 136 142 152 48
18 25 55 56 64 71 76 98 104 110 116 149 131 136 142 152 48
56 58 51 55 64 71 76 98 104 110 116 149 131 136 142 152 48
49 58 51 55 64 71 76 98 104 110 116 149 131 136 142 152 48
98 49 53 61 74 71 76 104 110 116 149 131 136 142 152 18 25
48 49 53 61 74 71 76 104 110 116 149 131 136 142 152 18 25
58 53 61 74 71 76 98 104 110 116 149 131 136 142 152 18 25
48 55 61 74 64 91 97 99 101 102 106 107 121 131 136 142 18
58 55 61 74 64 91 97 99 101 102 106 107 121 131 136 142 18
55 25 61 74 64 91 97 99 101 102 106 107 121 131 136 142 18
152 25 61 74 64 91 97 99 101 102 106 107 121 131 136 142 18
48 49 51 53 56 91 97 99 101 102 106 107 121 131 136 142 25
58 49 51 53 56 91 97 99 101 102 106 107 121 131 136 142 25
49 18 51 53 56 91 97 99 101 102 106 107 121 131 136 142 25
152 18 51 53 56 91 97 99 101 102 106 107 121 131 136 142 25
37 42 41 44 47 71 98 99 101 104 110 121 19 21 22 23 29
27 42 41 44 47 71 98 99 101 104 110 121 19 21 22 23 29
41 32 37 44 47 71 98 99 101 104 110 121 19 21 22 23 29
31 32 37 44 47 71 98 99 101 104 110 121 19 21 22 23 29
32 34 35 64 71 98 99 101 104 110 121 19 21 22 23 27 29
42 34 35 64 71 98 99 101 104 110 121 19 21 22 23 27 29
31 34 35 64 71 98 99 101 104 110 121 19 21 22 23 27 29
23 31 34 44 64 76 91 97 102 106 107 116 149 19 21 22 27
42 31 34 44 64 76 91 97 102 106 107 116 149 19 21 22 27
35 42 34 44 64 76 91 97 102 106 107 116 149 19 21 22 27
29 42 34 44 64 76 91 97 102 106 107 116 149 19 21 22 27
35 32 37 41 47 76 91 97 102 106 107 116 149 19 21 22 23
27 32 37 41 47 76 91 97 102 106 107 116 149 19 21 22 23
32 31 37 41 47 76 91 97 102 106 107 116 149 19 21 22 23
29 31 37 41 47 76 91 97 102 106 107 116 149 19 21 22 23
30 32 47 66 68 81 103 105 118 119 132 135 137 17 20 24 26
28 34 32 66 68 81 103 105 118 119 132 135 137 17 20 24 26
47 34 32 66 68 81 103 105 118 119 132 135 137 17 20 24 26
28 35 37 41 44 68 81 103 105 118 119 132 135 137 17 20 24
34 35 37 41 44 68 81 103 105 118 119 132 135 137 17 20 24
35 30 37 41 44 68 81 103 105 118 119 132 135 137 17 20 24
26 30 37 41 44 68 81 103 105 118 119 132 135 137 17 20 24
26 28 35 37 41 62 72 78 80 83 84 86 122 135 137 17 47
30 28 35 37 41 62 72 78 80 83 84 86 122 135 137 17 47
24 30 35 37 41 62 72 78 80 83 84 86 122 135 137 17 47
20 30 35 37 41 62 72 78 80 83 84 86 122 135 137 17 47
20 32 34 44 66 62 72 78 80 83 84 86 122 135 137 17 24
47 32 34 44 66 62 72 78 80 83 84 86 122 135 137 17 24
26 32 34 44 66 62 72 78 80 83 84 86 122 135 137 17 24
28 32 34 44 66 62 72 78 80 83 84 86 122 135 137 17 24
147 134 151 58 51 56 74 66 62 78 80 81 83 84 86 132 133
124 134 151 58 51 56 74 66 62 78 80 81 83 84 86 132 133
146 147 151 58 51 56 74 66 62 78 80 81 83 84 86 132 133
48 51 56 74 66 62 78 80 81 83 84 86 132 124 133 134 146
151 49 53 55 61 62 78 80 81 83 84 86 132 124 133 134 146
48 49 53 55 61 62 78 80 81 83 84 86 132 124 133 134 146
147 49 53 55 61 62 78 80 81 83 84 86 132 124 133 134 146
58 49 53 55 61 62 78 80 81 83 84 86 132 124 133 134 146
147 51 56 58 74 68 72 103 105 118 119 122 124 133 134 146 151
48 51 56 58 74 68 72 103 105 118 119 122 124 133 134 146 151
74 61 51 56 58 68 72 103 105 118 119 122 124 133 134 146 151
49 61 51 56 58 68 72 103 105 118 119 122 124 133 134 146 151
48 53 55 66 68 72 103 105 118 119 122 124 133 134 146 147 61
151 49 53 55 68 72 103 105 118 119 122 124 133 134 146 147 61
66 49 53 55 68 72 103 105 118 119 122 124 133 134 146 147 61
29 30 108 67 87 90 94 95 128 129 18 148 150 19 21 22 25
24 30 108 67 87 90 94 95 128 129 18 148 150 19 21 22 25
23 30 108 67 87 90 94 95 128 129 18 148 150 19 21 22 25
22 29 31 46 60 87 90 94 95 128 129 18 148 150 19 21 23
28 29 31 46 60 87 90 94 95 128 129 18 148 150 19 21 23
24 28 31 46 60 87 90 94 95 128 129 18 148 150 19 21 23
25 28 31 46 60 87 90 94 95 128 129 18 148 150 19 21 23
25 22 23 24 30 28 46 67 89 100 109 113 114 117 143 144 148
19 22 23 24 30 28 46 67 89 100 109 113 114 117 143 144 148
150 23 24 30 25 28 46 67 89 100 109 113 114 117 143 144 148
21 25 28 46 67 89 100 109 113 114 117 143 144 148 150 19 22
31 30 29 60 108 89 100 109 113 114 117 143 144 148 150 19 23
24 30 29 60 108 89 100 109 113 114 117 143 144 148 150 19 23
22 29 31 60 108 89 100 109 113 114 117 143 144 148 150 19 23
21 29 31 60 108 89 100 109 113 114 117 143 144 148 150 19 23
43 50 63 67 89 94 113 128 143 144 18 17 20 33 36 38 40
52 50 63 67 89 94 113 128 143 144 18 17 20 33 36 38 40
39 52 63 67 89 94 113 128 143 144 18 17 20 33 36 38 40
38 50 54 57 59 89 94 113 128 143 144 18 17 20 33 36 43
45 50 54 57 59 89 94 113 128 143 144 18 17 20 33 36 43
59 40 45 54 57 89 94 113 128 143 144 18 17 20 33 36 43
39 40 45 54 57 89 94 113 128 143 144 18 17 20 33 36 43
36 52 54 63 67 87 90 95 100 109 114 117 129 17 20 33 57
39 52 54 63 67 87 90 95 100 109 114 117 129 17 20 33 57
52 40 54 63 67 87 90 95 100 109 114 117 129 17 20 33 57
38 40 54 63 67 87 90 95 100 109 114 117 129 17 20 33 57
57 43 45 50 59 87 90 95 100 109 114 117 129 17 20 33 39
40 43 45 50 59 87 90 95 100 109 114 117 129 17 20 33 39
38 43 45 50 59 87 90 95 100 109 114 117 129 17 20 33 39
36 43 45 50 59 87 90 95 100 109 114 117 129 17 20 33 39
145 127 138 141 26 27 43 46 75 77 79 82 85 111 38 115 130
126 127 138 141 26 27 43 46 75 77 79 82 85 111 38 115 130
125 138 141 145 26 27 43 46 75 77 79 82 85 111 38 115 130
42 26 27 43 46 75 77 79 82 85 111 38 115 125 126 127 130
65 42 36 40 75 77 79 82 85 111 38 115 125 126 127 130 138
141 42 36 40 75 77 79 82 85 111 38 115 125 126 127 130 138
145 36 40 65 75 77 79 82 85 111 38 115 125 126 127 130 138
115 125 130 138 145 42 40 43 46 69 70 73 88 92 93 96 112
126 125 130 138 145 42 40 43 46 69 70 73 88 92 93 96 112
127 126 130 138 145 42 40 43 46 69 70 73 88 92 93 96 112
36 145 42 40 43 46 69 70 73 88 92 93 96 112 115 125 127
141 145 42 40 43 46 69 70 73 88 92 93 96 112 115 125 127
138 141 26 27 69 70 73 88 92 93 96 112 115 125 126 127 130
65 141 26 27 69 70 73 88 92 93 96 112 115 125 126 127 130
36 26 27 65 69 70 73 88 92 93 96 112 115 125 126 127 130
140 108 52 57 59 60 65 69 73 88 96 111 112 38 120 123 139
45 108 52 57 59 60 65 69 73 88 96 111 112 38 120 123 139
59 39 52 57 60 65 69 73 88 96 111 112 38 120 123 139 140
33 39 52 57 60 65 69 73 88 96 111 112 38 120 123 139 140
108 50 54 63 70 65 69 73 88 96 111 112 38 120 123 139 39
33 50 54 63 70 65 69 73 88 96 111 112 38 120 123 139 39
63 45 50 54 70 65 69 73 88 96 111 112 38 120 123 139 39
140 45 50 54 70 65 69 73 88 96 111 112 38 120 123 139 39
45 52 57 60 75 77 79 82 85 92 93 120 123 139 140 33 39
54 52 57 60 75 77 79 82 85 92 93 120 123 139 140 33 39
50 52 57 60 75 77 79 82 85 92 93 120 123 139 140 33 39
54 59 63 108 70 75 77 79 82 85 92 93 120 123 139 140 39
50 59 63 108 70 75 77 79 82 85 92 93 120 123 139 140 39
33 45 59 63 108 70 75 77 79 85 92 93 120 123 139 140 39
82 45 59 63 108 70 75 77 79 85 92 93 120 123 139 140 39
