171
154
0
1
2
3
4
5
6
7
8
9
10
11
12
13
14
15
16
17
18 0 1 0.4000312599383884
19 0 2 0.4046060103227718
20 0 3 0.583876512018173
21 0 4 0.41511552760478193
22 0 5 0.4489830718881996
23 0 6 0.5870223449531653
24 0 7 0.4605501654603299
25 0 8 0.5458935088741863
26 0 9 0.5594812850650739
27 0 10 0.5398163262228318
28 0 11 0.4373861586290122
29 0 12 0.5758397953607509
30 0 13 0.48341025091165435
31 0 14 0.5114565620871694
32 0 15 0.5068694700564742
33 0 16 0.4543228620963101
34 0 17 0.46025693237987597
35 1 2 0.4173983290895112
36 1 3 0.5878876340216611
37 1 4 0.5004133506070813
38 1 5 0.581670432021974
39 1 6 0.5005551313417296
40 1 7 0.5364767854411119
41 1 8 0.4300916309360538
42 1 9 0.4184376635969814
43 1 10 0.5006079883685248
44 1 11 0.4131873889218123
45 1 12 0.49063205075831107
46 1 13 0.5050473348335177
47 1 14 0.47330523523957047
48 1 15 0.46329281705120684
49 1 16 0.5010844177944719
50 1 17 0.4037918754802955
51 2 3 0.5883984554728258
52 2 4 0.5791658829651738
53 2 5 0.5623159064918329
54 2 6 0.45163241346626126
55 2 7 0.5915395257109048
56 2 8 0.5160289281042941
57 2 9 0.4218291663833236
58 2 10 0.4884900533085361
59 2 11 0.43948449307301146
60 2 12 0.5826282235285793
61 2 13 0.4663830346500374
62 2 14 0.43970332661722966
63 2 15 0.46289371439610527
64 2 16 0.4519612602072291
65 2 17 0.5902855343621863
66 3 4 0.4752719293339538
67 3 5 0.4512033923302964
68 3 6 0.47439689281931186
69 3 7 0.5418110157642821
70 3 8 0.41095128642480094
71 3 9 0.4850571610806155
72 3 10 0.5376085628080306
73 3 11 0.5162362239304138
74 3 12 0.47284428188253247
75 3 13 0.42309814143280233
76 3 14 0.46256651216378186
77 3 15 0.5784297157261911
78 3 16 0.5610251733425562
79 3 17 0.5116683614728943
80 4 5 0.5483142525284147
81 4 6 0.4653076687369365
82 4 7 0.5179497151701081
83 4 8 0.4627776646649292
84 4 9 0.5993678012578724
85 4 10 0.42755737435138136
86 4 11 0.5939708977641032
87 4 12 0.5698877187210597
88 4 13 0.4308991113175251
89 4 14 0.5389584121345653
90 4 15 0.5074884016989519
91 4 16 0.49026151128027984
92 4 17 0.4560173031763911
93 5 6 0.45786280862332734
94 5 7 0.5691973028225374
95 5 8 0.4627207157248717
96 5 9 0.5254781552664783
97 5 10 0.5308253240849815
98 5 11 0.44299528142496447
99 5 12 0.5286697646031171
100 5 13 0.5587902250978981
101 5 14 0.5749441245961406
102 5 15 0.5696431252243817
103 5 16 0.4389491853081004
104 5 17 0.5362274865272559
105 6 7 0.47581216146328326
106 6 8 0.4258509076383771
107 6 9 0.41992375746550203
108 6 10 0.5708135850765543
109 6 11 0.44174816495223296
110 6 12 0.45624947134465826
111 6 13 0.4498924378432993
112 6 14 0.410295199455021
113 6 15 0.5349882617000153
114 6 16 0.5508004711009534
115 6 17 0.48789647328003016
116 7 8 0.5919301090362
117 7 9 0.5540533614887772
118 7 10 0.459363475642975
119 7 11 0.4964633900503995
120 7 12 0.46790574180086203
121 7 13 0.5414333741546244
122 7 14 0.528396949818142
123 7 15 0.4501928606466865
124 7 16 0.46481781402481875
125 7 17 0.4998436655554052
126 8 9 0.45358432600208487
127 8 10 0.42611030089039953
128 8 11 0.5327991904899156
129 8 12 0.41766684662435877
130 8 13 0.4192346092162125
131 8 14 0.5974745294078709
132 8 15 0.46278048371053476
133 8 16 0.4887652831448323
134 8 17 0.49902239333176346
135 9 10 0.5540469461339105
136 9 11 0.5999272779202093
137 9 12 0.5827205793102779
138 9 13 0.5238156685106896
139 9 14 0.44822278427284745
140 9 15 0.5058473700140012
141 9 16 0.46585626573796135
142 9 17 0.5283603601286976
143 10 11 0.41948059868201365
144 10 12 0.4496956917267268
145 10 13 0.4890069939523234
146 10 14 0.40412818324285776
147 10 15 0.48207154978056643
148 10 16 0.5014824160593427
149 10 17 0.4291829919255781
150 11 12 0.44586427812883633
151 11 13 0.4487220046917227
152 11 14 0.4822056236578585
153 11 15 0.5719582949888254
154 11 16 0.5057815769291077
155 11 17 0.451536226843538
156 12 13 0.4597222470942689
157 12 14 0.4804291761277274
158 12 15 0.4655806668412702
159 12 16 0.42080186974348466
160 12 17 0.4079415028334369
161 13 14 0.418319274475116
162 13 15 0.4250042021778096
163 13 16 0.4746385052870329
164 13 17 0.5818154171642986
165 14 15 0.4228318400567785
166 14 16 0.4755812785270307
167 14 17 0.5169703688853265
168 15 16 0.43179296835187053
169 15 17 0.5644495179853163
170 16 17 0.4222265025930625
18 19 20 21 22 23 24 25 26 27 28 29 30 31 32 33 34 0
18 35 36 37 38 39 40 41 42 43 44 45 46 47 48 49 50 1
19 35 51 52 53 54 55 56 57 58 59 60 61 62 63 64 65 2
20 36 51 66 67 68 69 70 71 72 73 74 75 76 77 78 79 3
21 37 52 66 80 81 82 83 84 85 86 87 88 89 90 91 92 4
22 38 53 67 80 93 94 95 96 97 98 99 100 101 102 103 104 5
23 39 54 68 81 93 105 106 107 108 109 110 111 112 113 114 115 6
24 40 55 69 82 94 105 116 117 118 119 120 121 122 123 124 125 7
25 41 56 70 83 95 106 116 126 127 128 129 130 131 132 133 134 8
26 42 57 71 84 96 107 117 126 135 136 137 138 139 140 141 142 9
27 43 58 72 85 97 108 118 127 135 143 144 145 146 147 148 149 10
28 44 59 73 86 98 109 119 128 136 143 150 151 152 153 154 155 11
29 45 60 74 87 99 110 120 129 137 144 150 156 157 158 159 160 12
30 46 61 75 88 100 111 121 130 138 145 151 156 161 162 163 164 13
31 47 62 76 89 101 112 122 131 139 146 152 157 161 165 166 167 14
32 48 63 77 90 102 113 123 132 140 147 153 158 162 165 168 169 15
33 49 64 78 91 103 114 124 133 141 148 154 159 163 166 168 170 16
34 50 65 79 92 104 115 125 134 142 149 155 160 164 167 169 170 17
143 152 169 32 45 70 67 72 75 76 77 79 98 101 161 104 131 149
167 152 169 32 45 70 67 72 75 76 77 79 98 101 161 104 131 149
167 131 134 146 34 169 32 45 70 67 72 75 76 77 79 98 101 161
104 131 134 146 34 169 32 45 70 67 72 75 76 77 79 98 101 161
149 134 146 34 167 169 32 45 70 67 72 75 76 77 79 98 101 161
67 34 22 27 30 31 72 75 76 77 79 98 101 161 104 131 134 143
152 34 22 27 30 31 72 75 76 77 79 98 101 161 104 131 134 143
22 149 27 30 31 67 72 75 76 77 79 98 101 161 104 131 134 143
146 149 27 30 31 67 72 75 76 77 79 98 101 161 104 131 134 143
104 134 149 22 167 169 31 32 34 56 58 62 65 66 68 81 89 92
131 146 134 22 167 169 31 32 34 56 58 62 65 66 68 81 89 92
149 146 134 22 167 169 31 32 34 56 58 62 65 66 68 81 89 92
143 152 167 31 32 34 56 58 62 65 66 68 81 89 92 104 131 146
169 152 167 31 32 34 56 58 62 65 66 68 81 89 92 104 131 146
146 27 30 45 70 56 58 62 65 66 68 81 89 92 104 131 134 22
149 27 30 45 70 56 58 62 65 66 68 81 89 92 104 131 134 22
27 152 30 45 70 56 58 62 65 66 68 81 89 92 104 131 134 22
143 152 30 45 70 56 58 62 65 66 68 81 89 92 104 131 134 22
38 39 50 51 54 66 55 62 65 67 68 75 76 77 79 112 115 164
47 39 50 51 54 66 55 62 65 67 68 75 76 77 79 112 115 164
112 115 35 37 39 50 51 54 66 55 62 65 67 68 75 76 77 79
36 115 35 37 39 50 51 54 66 55 62 65 67 68 75 76 77 79
164 35 36 37 39 50 51 54 66 55 62 65 67 68 75 76 77 79
36 41 44 52 53 55 62 65 67 68 75 76 77 79 112 115 164 47
37 41 44 52 53 55 62 65 67 68 75 76 77 79 112 115 164 47
38 41 44 52 53 55 62 65 67 68 75 76 77 79 112 115 164 47
35 41 44 52 53 55 62 65 67 68 75 76 77 79 112 115 164 47
37 39 41 47 66 58 72 81 89 92 98 101 161 112 115 164 38 35
52 39 41 47 66 58 72 81 89 92 98 101 161 112 115 164 38 35
52 53 41 47 66 58 72 81 89 92 98 101 161 112 115 164 38 35
36 53 41 47 66 58 72 81 89 92 98 101 161 112 115 164 38 35
36 44 50 51 54 58 72 81 89 92 98 101 161 112 115 164 38 35
37 44 50 51 54 58 72 81 89 92 98 101 161 112 115 164 38 35
53 44 50 51 54 58 72 81 89 92 98 101 161 112 115 164 38 35
39 44 50 51 54 58 72 81 89 92 98 101 161 112 115 164 38 35
155 150 170 18 36 37 41 45 50 70 74 78 83 87 106 109 110 26
129 150 170 18 36 37 41 45 50 70 74 78 83 87 106 109 110 26
142 150 170 18 36 37 41 45 50 70 74 78 83 87 106 109 110 26
160 39 37 41 45 50 70 74 78 83 87 106 109 110 26 129 142 155
36 39 37 41 45 50 70 74 78 83 87 106 109 110 26 129 142 155
39 155 170 18 35 44 47 73 70 74 78 83 87 106 109 110 26 129
150 155 170 18 35 44 47 73 70 74 78 83 87 106 109 110 26 129
142 170 18 39 35 44 47 73 70 74 78 83 87 106 109 110 26 129
160 35 44 47 73 70 74 78 83 87 106 109 110 26 129 142 150 155
125 155 170 18 36 39 41 44 45 50 73 56 59 60 69 86 119 122
129 155 170 18 36 39 41 44 45 50 73 56 59 60 69 86 119 122
128 155 170 18 36 39 41 44 45 50 73 56 59 60 69 86 119 122
128 142 150 160 37 36 39 41 44 45 50 73 56 59 60 69 86 125
119 142 150 160 37 36 39 41 44 45 50 73 56 59 60 69 86 125
122 129 150 160 37 36 39 41 44 45 50 73 56 59 60 69 86 125
142 129 150 160 37 36 39 41 44 45 50 73 56 59 60 69 86 125
35 47 56 59 69 86 119 122 125 128 129 142 150 155 160 170 18 37
60 47 56 59 69 86 119 122 125 128 129 142 150 155 160 170 18 37
29 24 28 34 51 54 60 69 73 74 78 106 125 128 26 157 166 21
23 24 28 34 51 54 60 69 73 74 78 106 125 128 26 157 166 21
19 166 20 25 28 29 34 51 54 60 69 73 74 78 106 125 128 26
157 166 20 25 28 29 34 51 54 60 69 73 74 78 106 125 128 26
21 19 20 25 28 29 34 51 54 60 69 73 74 78 106 125 128 26
24 33 52 53 83 60 69 73 74 78 106 125 128 26 157 166 19 20
21 33 52 53 83 60 69 73 74 78 106 125 128 26 157 166 19 20
23 25 33 53 83 60 69 73 74 78 106 125 128 26 157 166 19 20
52 25 33 53 83 60 69 73 74 78 106 125 128 26 157 166 19 20
21 29 33 34 53 55 59 86 87 109 110 119 122 157 166 19 20 24
23 29 33 34 53 55 59 86 87 109 110 119 122 157 166 19 20 24
25 29 33 34 53 55 59 86 87 109 110 119 122 157 166 19 20 24
28 29 33 34 53 55 59 86 87 109 110 119 122 157 166 19 20 24
51 28 52 54 83 55 59 86 87 109 110 119 122 157 166 19 20 25
23 28 52 54 83 55 59 86 87 109 110 119 122 157 166 19 20 25
21 24 52 54 83 55 59 86 87 109 110 119 122 157 166 19 20 25
51 24 52 54 83 55 59 86 87 109 110 119 122 157 166 19 20 25
168 40 43 49 103 93 95 107 111 114 117 121 126 127 132 133 141 148
163 40 43 49 103 93 95 107 111 114 117 121 126 127 132 133 141 148
40 42 43 49 103 93 95 107 111 114 117 121 126 127 132 133 141 148
23 42 43 49 103 93 95 107 111 114 117 121 126 127 132 133 141 148
163 25 46 48 71 93 95 107 111 114 117 121 126 127 132 133 141 168
42 25 46 48 71 93 95 107 111 114 117 121 126 127 132 133 141 168
148 23 25 46 48 93 95 107 111 114 117 121 126 127 132 133 141 168
71 23 25 46 48 93 95 107 111 114 117 121 126 127 132 133 141 168
23 46 48 71 103 91 105 108 113 116 118 124 154 127 132 133 141 163
43 46 48 71 103 91 105 108 113 116 118 124 154 127 132 133 141 163
148 43 48 71 103 91 105 108 113 116 118 124 154 127 132 133 141 163
168 43 48 71 103 91 105 108 113 116 118 124 154 127 132 133 141 163
168 46 25 40 49 91 105 108 113 116 118 124 154 127 132 133 141 163
42 46 25 40 49 91 105 108 113 116 118 124 154 127 132 133 141 163
148 23 40 42 49 91 105 108 113 116 118 124 154 127 132 133 141 163
25 23 40 42 49 91 105 108 113 116 118 124 154 127 132 133 141 163
31 82 84 88 111 151 93 95 108 113 116 118 154 130 135 138 139 165
57 82 84 88 111 151 93 95 108 113 116 118 154 130 135 138 139 165
80 82 84 88 111 151 93 95 108 113 116 118 154 130 135 138 139 165
145 82 84 88 111 151 93 95 108 113 116 118 154 130 135 138 139 165
63 57 61 64 85 151 93 95 108 113 116 118 154 130 135 138 139 80
31 57 61 64 85 151 93 95 108 113 116 118 154 130 135 138 139 80
145 165 61 64 85 151 93 95 108 113 116 118 154 130 135 138 139 80
63 165 61 64 85 151 93 95 108 113 116 118 154 130 135 138 139 80
145 80 82 85 88 91 103 105 107 114 117 121 124 126 130 135 138 31
139 80 82 85 88 91 103 105 107 114 117 121 124 126 130 135 138 31
84 80 82 85 88 91 103 105 107 114 117 121 124 126 130 135 138 31
165 80 82 85 88 91 103 105 107 114 117 121 124 126 130 135 138 31
135 165 31 84 57 61 63 64 111 91 103 105 107 114 117 121 124 130
165 139 31 84 57 61 63 64 111 91 103 105 107 114 117 121 124 130
126 139 31 84 57 61 63 64 111 91 103 105 107 114 117 121 124 130
138 145 57 61 63 111 91 103 105 107 114 117 121 124 126 130 135 139
64 145 57 61 63 111 91 103 105 107 114 117 121 124 126 130 135 139
38 43 46 61 100 90 94 102 123 136 140 153 32 18 19 21 22 26
48 43 46 61 100 90 94 102 123 136 140 153 32 18 19 21 22 26
43 42 46 61 100 90 94 102 123 136 140 153 32 18 19 21 22 26
40 42 46 61 100 90 94 102 123 136 140 153 32 18 19 21 22 26
26 57 63 80 84 90 94 102 123 136 140 153 32 18 19 21 22 38
40 57 63 80 84 90 94 102 123 136 140 153 32 18 19 21 22 38
42 48 57 80 84 90 94 102 123 136 140 153 32 18 19 21 22 38
63 48 57 80 84 90 94 102 123 136 140 153 32 18 19 21 22 38
26 63 80 84 100 85 96 97 99 120 137 144 147 156 18 19 21 22
40 63 80 84 100 85 96 97 99 120 137 144 147 156 18 19 21 22
63 48 80 84 100 85 96 97 99 120 137 144 147 156 18 19 21 22
38 48 80 84 100 85 96 97 99 120 137 144 147 156 18 19 21 22
22 19 26 40 42 43 46 57 61 85 96 97 99 120 137 144 147 156
18 19 26 40 42 43 46 57 61 85 96 97 99 120 137 144 147 156
21 22 26 40 42 43 46 57 61 85 96 97 99 120 137 144 147 156
42 48 43 46 57 61 85 96 97 99 120 137 144 147 156 18 19 21
38 48 43 46 57 61 85 96 97 99 120 137 144 147 156 18 19 21
49 33 30 82 88 94 96 100 102 120 123 156 32 158 159 162 20 24
29 33 30 82 88 94 96 100 102 120 123 156 32 158 159 162 20 24
30 28 49 82 88 94 96 100 102 120 123 156 32 158 159 162 20 24
27 28 49 82 88 94 96 100 102 120 123 156 32 158 159 162 20 24
71 29 64 151 99 94 96 100 102 120 123 156 32 158 159 162 20 24
27 29 64 151 99 94 96 100 102 120 123 156 32 158 159 162 20 24
28 33 71 151 99 94 96 100 102 120 123 156 32 158 159 162 20 24
64 33 71 151 99 94 96 100 102 120 123 156 32 158 159 162 20 24
24 33 49 71 88 90 97 136 137 140 144 147 153 158 159 162 20 28
27 33 49 71 88 90 97 136 137 140 144 147 153 158 159 162 20 28
29 30 49 71 88 90 97 136 137 140 144 147 153 158 159 162 20 28
33 30 49 71 88 90 97 136 137 140 144 147 153 158 159 162 20 28
28 64 82 151 99 90 97 136 137 140 144 147 153 158 159 162 20 29
30 20 24 27 64 82 151 99 90 97 136 137 140 144 147 153 158 162
159 20 24 27 64 82 151 99 90 97 136 137 140 144 147 153 158 162
29 24 27 30 64 82 151 99 90 97 136 137 140 144 147 153 158 162
