190
172
0
1
2
3
4
5
6
7
8
9
10
11
12
13
14
15
16
17
18
19 0 1 0.4
20 0 2 0.4011764705882353
21 0 3 0.40235294117647064
22 0 4 0.4035294117647059
23 0 5 0.4047058823529412
24 0 6 0.40588235294117647
25 0 7 0.4070588235294118
26 0 8 0.4082352941176471
27 0 9 0.40941176470588236
28 0 10 0.41058823529411764
29 0 11 0.411764705882353
30 0 12 0.41294117647058826
31 0 13 0.41411764705882353
32 0 14 0.4152941176470588
33 0 15 0.41647058823529415
34 0 16 0.4176470588235294
35 0 17 0.4188235294117647
36 0 18 0.42000000000000004
37 1 2 0.4211764705882353
38 1 3 0.4223529411764706
39 1 4 0.4235294117647059
40 1 5 0.4247058823529412
41 1 6 0.4258823529411765
42 1 7 0.42705882352941177
43 1 8 0.42823529411764705
44 1 9 0.4294117647058824
45 1 10 0.43058823529411766
46 1 11 0.43176470588235294
47 1 12 0.4329411764705883
48 1 13 0.43411764705882355
49 1 14 0.43529411764705883
50 1 15 0.4364705882352941
51 1 16 0.43764705882352944
52 1 17 0.4388235294117647
53 1 18 0.44
54 2 3 0.4411764705882353
55 2 4 0.4423529411764706
56 2 5 0.4435294117647059
57 2 6 0.4447058823529412
58 2 7 0.4458823529411765
59 2 8 0.4470588235294118
60 2 9 0.44823529411764707
61 2 10 0.44941176470588234
62 2 11 0.4505882352941177
63 2 12 0.45176470588235296
64 2 13 0.45294117647058824
65 2 14 0.4541176470588235
66 2 15 0.45529411764705885
67 2 16 0.45647058823529413
68 2 17 0.4576470588235294
69 2 18 0.45882352941176474
70 3 4 0.46
71 3 5 0.4611764705882353
72 3 6 0.4623529411764706
73 3 7 0.46352941176470586
74 3 8 0.4647058823529412
75 3 9 0.46588235294117647
76 3 10 0.46705882352941175
77 3 11 0.4682352941176471
78 3 12 0.46941176470588236
79 3 13 0.47058823529411764
80 3 14 0.471764705882353
81 3 15 0.47294117647058825
82 3 16 0.47411764705882353
83 3 17 0.4752941176470588
84 3 18 0.4764705882352941
85 4 5 0.4776470588235294
86 4 6 0.4788235294117647
87 4 7 0.48
88 4 8 0.4811764705882353
89 4 9 0.4823529411764706
90 4 10 0.4835294117647059
91 4 11 0.4847058823529412
92 4 12 0.4858823529411765
93 4 13 0.48705882352941177
94 4 14 0.48823529411764705
95 4 15 0.4894117647058823
96 4 16 0.49058823529411766
97 4 17 0.49176470588235294
98 4 18 0.4929411764705882
99 5 6 0.49411764705882355
100 5 7 0.49529411764705883
101 5 8 0.4964705882352941
102 5 9 0.4976470588235294
103 5 10 0.4988235294117647
104 5 11 0.5
105 5 12 0.5011764705882353
106 5 13 0.5023529411764706
107 5 14 0.5035294117647059
108 5 15 0.5047058823529411
109 5 16 0.5058823529411764
110 5 17 0.5070588235294118
111 5 18 0.508235294117647
112 6 7 0.5094117647058823
113 6 8 0.5105882352941177
114 6 9 0.5117647058823529
115 6 10 0.5129411764705882
116 6 11 0.5141176470588236
117 6 12 0.5152941176470588
118 6 13 0.5164705882352941
119 6 14 0.5176470588235293
120 6 15 0.5188235294117647
121 6 16 0.52
122 6 17 0.5211764705882352
123 6 18 0.5223529411764706
124 7 8 0.5235294117647059
125 7 9 0.5247058823529411
126 7 10 0.5258823529411765
127 7 11 0.5270588235294118
128 7 12 0.528235294117647
129 7 13 0.5294117647058824
130 7 14 0.5305882352941176
131 7 15 0.5317647058823529
132 7 16 0.5329411764705883
133 7 17 0.5341176470588235
134 7 18 0.5352941176470588
135 8 9 0.5364705882352941
136 8 10 0.5376470588235294
137 8 11 0.5388235294117647
138 8 12 0.54
139 8 13 0.5411764705882353
140 8 14 0.5423529411764706
141 8 15 0.5435294117647058
142 8 16 0.5447058823529412
143 8 17 0.5458823529411765
144 8 18 0.5470588235294117
145 9 10 0.548235294117647
146 9 11 0.5494117647058823
147 9 12 0.5505882352941176
148 9 13 0.5517647058823529
149 9 14 0.5529411764705883
150 9 15 0.5541176470588235
151 9 16 0.5552941176470588
152 9 17 0.556470588235294
153 9 18 0.5576470588235294
154 10 11 0.5588235294117647
155 10 12 0.5599999999999999
156 10 13 0.5611764705882353
157 10 14 0.5623529411764705
158 10 15 0.5635294117647058
159 10 16 0.5647058823529412
160 10 17 0.5658823529411765
161 10 18 0.5670588235294117
162 11 12 0.5682352941176471
163 11 13 0.5694117647058823
164 11 14 0.5705882352941176
165 11 15 0.571764705882353
166 11 16 0.5729411764705882
167 11 17 0.5741176470588235
168 11 18 0.5752941176470587
169 12 13 0.5764705882352941
170 12 14 0.5776470588235294
171 12 15 0.5788235294117647
172 12 16 0.58
173 12 17 0.5811764705882353
174 12 18 0.5823529411764705
175 13 14 0.5835294117647059
176 13 15 0.5847058823529412
177 13 16 0.5858823529411764
178 13 17 0.5870588235294117
179 13 18 0.588235294117647
180 14 15 0.5894117647058823
181 14 16 0.5905882352941176
182 14 17 0.591764705882353
183 14 18 0.5929411764705882
184 15 16 0.5941176470588235
185 15 17 0.5952941176470588
186 15 18 0.5964705882352941
187 16 17 0.5976470588235294
188 16 18 0.5988235294117646
189 17 18 0.6
19 20 21 22 23 24 25 26 27 28 29 30 31 32 33 34 35 36 0
19 37 38 39 40 41 42 43 44 45 46 47 48 49 50 51 52 53 1
20 37 54 55 56 57 58 59 60 61 62 63 64 65 66 67 68 69 2
21 38 54 70 71 72 73 74 75 76 77 78 79 80 81 82 83 84 3
22 39 55 70 85 86 87 88 89 90 91 92 93 94 95 96 97 98 4
23 40 56 71 85 99 100 101 102 103 104 105 106 107 108 109 110 111 5
24 41 57 72 86 99 112 113 114 115 116 117 118 119 120 121 122 123 6
25 42 58 73 87 100 112 124 125 126 127 128 129 130 131 132 133 134 7
26 43 59 74 88 101 113 124 135 136 137 138 139 140 141 142 143 144 8
27 44 60 75 89 102 114 125 135 145 146 147 148 149 150 151 152 153 9
28 45 61 76 90 103 115 126 136 145 154 155 156 157 158 159 160 161 10
29 46 62 77 91 104 116 127 137 146 154 162 163 164 165 166 167 168 11
30 47 63 78 92 105 117 128 138 147 155 162 169 170 171 172 173 174 12
31 48 64 79 93 106 118 129 139 148 156 163 169 175 176 177 178 179 13
32 49 65 80 94 107 119 130 140 149 157 164 170 175 180 181 182 183 14
33 50 66 81 95 108 120 131 141 150 158 165 171 176 180 184 185 186 15
34 51 67 82 96 109 121 132 142 151 159 166 172 177 181 184 187 188 16
35 52 68 83 97 110 122 133 143 152 160 167 173 178 182 185 187 189 17
36 53 69 84 98 111 123 134 144 153 161 168 174 179 183 186 188 189 18
153 169 183 56 125 170 124 126 128 130 134 135 137 138 139 140 144 146 147
36 169 183 56 125 170 124 126 128 130 134 135 137 138 139 140 144 146 147
162 164 183 36 56 125 124 126 128 130 134 135 137 138 139 140 144 146 147
170 164 183 36 56 125 124 126 128 130 134 135 137 138 139 140 144 146 147
174 153 168 179 60 64 170 124 126 128 130 134 135 137 138 139 140 144 147
146 153 168 179 60 64 170 124 126 128 130 134 135 137 138 139 140 144 147
162 144 164 169 168 174 179 60 64 170 124 126 128 130 134 135 137 138 139
140 144 164 169 168 174 179 60 64 170 124 126 128 130 134 135 137 138 139
147 162 164 169 168 174 179 60 64 170 124 126 128 130 134 135 137 138 139
146 162 169 174 179 125 65 69 73 88 89 94 98 119 123 22 139 140 144
64 162 169 174 179 125 65 69 73 88 89 94 98 119 123 22 139 140 144
140 147 153 183 169 174 179 64 125 65 69 73 88 89 94 98 119 123 22
153 144 147 183 169 174 179 64 125 65 69 73 88 89 94 98 119 123 22
139 144 147 183 169 174 179 64 125 65 69 73 88 89 94 98 119 123 22
153 183 164 168 56 60 65 69 73 88 89 94 98 119 123 22 139 140 144
36 183 164 168 56 60 65 69 73 88 89 94 98 119 123 22 139 140 144
144 146 147 162 164 168 36 56 60 65 69 73 88 89 94 98 119 123 140
22 146 147 162 164 168 36 56 60 65 69 73 88 89 94 98 119 123 140
139 146 147 162 164 168 36 56 60 65 69 73 88 89 94 98 119 123 140
188 47 37 49 44 53 54 62 63 73 119 123 124 128 135 137 138 181 24
25 34 37 49 44 53 54 62 63 73 119 123 124 128 135 137 138 181 24
47 34 37 49 44 53 54 62 63 73 119 123 124 128 135 137 138 181 24
29 44 53 54 62 63 73 119 123 124 128 135 137 138 181 188 24 25 34
29 47 55 58 59 61 63 73 119 123 124 128 135 137 138 181 188 24 25
43 47 55 58 59 61 63 73 119 123 124 128 135 137 138 181 188 24 25
43 25 34 37 49 55 58 59 61 63 73 119 123 124 128 135 137 138 181
24 25 34 37 49 55 58 59 61 63 73 119 123 124 128 135 137 138 181
188 34 37 49 43 55 58 59 61 63 73 119 123 124 128 135 137 138 181
24 29 34 47 54 55 58 61 62 69 88 89 94 98 125 126 130 134 22
29 188 34 47 54 55 58 61 62 69 88 89 94 98 125 126 130 134 22
181 188 34 47 54 55 58 61 62 69 88 89 94 98 125 126 130 134 22
54 37 55 58 61 62 69 88 89 94 98 125 126 130 134 22 181 188 24
25 37 55 58 61 62 69 88 89 94 98 125 126 130 134 22 181 188 24
47 43 44 49 53 59 69 88 89 94 98 125 126 130 134 22 181 188 34
25 43 44 49 53 59 69 88 89 94 98 125 126 130 134 22 181 188 34
188 24 29 37 43 44 49 53 59 69 88 89 94 98 125 126 130 134 181
22 34 24 37 43 44 49 53 59 69 88 89 94 98 125 126 130 134 181
29 34 24 37 43 44 49 53 59 69 88 89 94 98 125 126 130 134 181
30 23 28 31 32 35 65 68 75 107 111 145 148 149 152 27 157 161 173
175 23 28 31 32 35 65 68 75 107 111 145 148 149 152 27 157 161 173
27 182 189 20 28 30 31 32 35 65 68 75 107 111 145 148 149 152 157
161 173 182 189 28 30 31 32 35 65 68 75 107 111 145 148 149 152 157
20 173 182 189 28 30 31 32 35 65 68 75 107 111 145 148 149 152 157
173 23 26 36 55 133 65 68 75 107 111 145 148 149 152 27 157 161 20
21 23 26 36 55 133 65 68 75 107 111 145 148 149 152 27 157 161 20
161 20 175 189 21 26 36 55 133 65 68 75 107 111 145 148 149 152 157
182 20 175 189 21 26 36 55 133 65 68 75 107 111 145 148 149 152 157
27 175 182 189 21 26 36 55 133 65 68 75 107 111 145 148 149 152 157
182 26 28 31 36 170 74 76 78 80 83 84 136 143 157 161 173 175 30
20 26 28 31 36 170 74 76 78 80 83 84 136 143 157 161 173 175 30
76 21 26 28 31 36 170 74 78 80 83 84 136 143 157 161 173 175 30
189 21 26 28 31 36 170 74 78 80 83 84 136 143 157 161 173 175 30
175 20 21 30 23 32 35 55 133 170 74 76 78 80 83 84 136 143 157
161 173 21 30 23 32 35 55 133 170 74 76 78 80 83 84 136 143 157
20 173 21 30 23 32 35 55 133 170 74 76 78 80 83 84 136 143 157
182 189 32 35 55 133 170 74 76 78 80 83 84 136 143 157 161 173 175
23 189 32 35 55 133 170 74 76 78 80 83 84 136 143 157 161 173 175
180 19 33 43 53 59 60 62 63 64 74 75 76 78 80 84 136 148 155
37 19 33 43 53 59 60 62 63 64 74 75 76 78 80 84 136 148 155
186 19 33 43 53 59 60 62 63 64 74 75 76 78 80 84 136 148 155
44 53 59 60 62 63 64 74 75 76 78 80 84 136 148 155 180 186 37
49 53 59 60 62 63 64 74 75 76 78 80 84 136 148 155 180 186 37
44 49 54 56 58 61 74 75 76 78 80 84 136 148 155 180 186 19 37
64 49 54 56 58 61 74 75 76 78 80 84 136 148 155 180 186 19 37
33 43 54 56 61 64 74 75 76 78 80 84 136 148 155 180 186 19 37
58 43 54 56 61 64 74 75 76 78 80 84 136 148 155 180 186 19 37
27 33 19 43 44 53 56 61 62 68 83 107 111 133 143 145 149 152 155
186 33 19 43 44 53 56 61 62 68 83 107 111 133 143 145 149 152 155
180 186 19 43 44 53 56 61 62 68 83 107 111 133 143 145 149 152 155
37 44 53 56 61 62 68 83 107 111 133 143 145 149 152 27 155 180 33
49 44 53 56 61 62 68 83 107 111 133 143 145 149 152 27 155 180 33
27 19 43 49 54 58 59 60 63 68 83 107 111 133 143 145 149 152 155
37 19 43 49 54 58 59 60 63 68 83 107 111 133 143 145 149 152 155
180 37 43 49 54 58 59 60 63 68 83 107 111 133 143 145 149 152 155
54 33 58 59 60 63 68 83 107 111 133 143 145 149 152 27 155 180 19
186 33 58 59 60 63 68 83 107 111 133 143 145 149 152 27 155 180 19
132 142 45 66 71 72 81 77 79 101 102 104 106 113 27 116 118 121 131
154 142 45 66 71 72 81 77 79 101 102 104 106 113 27 116 118 121 131
118 141 150 165 154 45 66 71 72 81 77 79 101 102 104 106 113 27 116
131 141 150 165 154 45 66 71 72 81 77 79 101 102 104 106 113 27 116
121 141 150 165 154 45 66 71 72 81 77 79 101 102 104 106 113 27 116
141 166 177 184 50 81 77 79 101 102 104 106 113 27 116 118 121 131 132
142 166 177 184 50 81 77 79 101 102 104 106 113 27 116 118 121 131 132
150 166 177 184 50 81 77 79 101 102 104 106 113 27 116 118 121 131 132
165 166 177 184 50 81 77 79 101 102 104 106 113 27 116 118 121 131 132
132 150 154 184 45 50 82 85 86 87 91 93 96 100 109 112 116 118 131
177 150 154 184 45 50 82 85 86 87 91 93 96 100 109 112 116 118 131
118 121 141 142 154 177 184 45 50 82 85 86 87 91 93 96 100 109 116
121 131 141 142 154 177 184 45 50 82 85 86 87 91 93 96 100 109 116
112 131 141 142 154 177 184 45 50 82 85 86 87 91 93 96 100 109 116
131 121 141 142 165 166 66 71 72 82 85 86 87 91 93 96 100 109 112
121 118 141 142 165 166 66 71 72 82 85 86 87 91 93 96 100 109 112
116 118 141 142 165 166 66 71 72 82 85 86 87 91 93 96 100 109 112
132 150 165 166 66 72 82 85 86 87 91 93 96 100 109 112 116 118 131
71 150 165 166 66 72 82 85 86 87 91 93 96 100 109 112 116 118 131
40 41 42 48 52 70 85 86 87 91 93 96 101 113 114 127 129 151 167
38 41 42 48 52 70 85 86 87 91 93 96 101 113 114 127 129 151 167
42 26 41 48 52 70 85 86 87 91 93 96 101 113 114 127 129 151 167
163 26 41 48 52 70 85 86 87 91 93 96 101 113 114 127 129 151 167
114 151 167 40 39 46 51 57 67 70 85 86 87 91 93 96 101 113 127
129 151 167 40 39 46 51 57 67 70 85 86 87 91 93 96 101 113 127
163 151 167 40 39 46 51 57 67 70 85 86 87 91 93 96 101 113 127
26 38 46 51 57 67 70 85 86 87 91 93 96 101 113 114 127 129 163
39 38 46 51 57 67 70 85 86 87 91 93 96 101 113 114 127 129 163
114 151 163 26 39 41 42 57 67 77 79 82 100 102 104 106 109 112 27
127 129 163 26 39 41 42 57 67 77 79 82 100 102 104 106 109 112 27
151 129 163 26 39 41 42 57 67 77 79 82 100 102 104 106 109 112 27
38 39 41 42 57 67 77 79 82 100 102 104 106 109 112 27 114 127 129
167 39 41 42 57 67 77 79 82 100 102 104 106 109 112 27 114 127 129
27 151 163 167 40 46 48 51 52 77 79 82 100 102 104 106 109 112 114
127 129 163 167 40 46 48 51 52 77 79 82 100 102 104 106 109 112 114
151 129 163 167 40 46 48 51 52 77 79 82 100 102 104 106 109 112 114
26 38 40 48 51 52 77 79 82 100 102 104 106 109 112 27 114 127 129
46 38 40 48 51 52 77 79 82 100 102 104 106 109 112 27 114 127 129
187 20 34 42 41 45 50 51 57 66 95 103 108 115 120 122 158 159 160
19 20 34 42 41 45 50 51 57 66 95 103 108 115 120 122 158 159 160
172 20 34 42 41 45 50 51 57 66 95 103 108 115 120 122 158 159 160
47 41 45 50 51 57 66 95 103 108 115 120 122 158 159 160 172 187 19
38 41 45 50 51 57 66 95 103 108 115 120 122 158 159 160 172 187 19
20 39 40 48 52 90 66 95 103 108 115 120 122 158 159 160 172 187 19
34 39 40 48 52 90 66 95 103 108 115 120 122 158 159 160 172 187 19
187 47 38 42 39 40 48 52 90 66 95 103 108 115 120 122 158 159 160
172 47 38 42 39 40 48 52 90 66 95 103 108 115 120 122 158 159 160
19 47 38 42 39 40 48 52 90 66 95 103 108 115 120 122 158 159 160
40 41 45 57 90 67 92 97 99 105 110 117 156 23 172 187 19 20 38
47 41 45 57 90 67 92 97 99 105 110 117 156 23 172 187 19 20 38
34 41 45 57 90 67 92 97 99 105 110 117 156 23 172 187 19 20 38
39 41 45 57 90 67 92 97 99 105 110 117 156 23 172 187 19 20 38
19 47 39 40 42 48 50 51 52 67 92 97 99 105 110 117 156 23 172
187 20 39 40 42 48 50 51 52 67 92 97 99 105 110 117 156 23 172
47 20 39 40 42 48 50 51 52 67 92 97 99 105 110 117 156 23 172
48 38 42 50 51 52 67 92 97 99 105 110 117 156 23 172 187 19 20
34 38 42 50 51 52 67 92 97 99 105 110 117 156 23 172 187 19 20
24 46 25 29 31 70 71 92 95 97 99 103 105 108 110 23 171 176 178
32 46 25 29 31 70 71 92 95 97 99 103 105 108 110 23 171 176 178
171 176 185 21 25 29 31 32 70 71 92 95 97 99 103 105 108 110 23
22 176 185 21 25 29 31 32 70 71 92 95 97 99 103 105 108 110 23
178 185 21 22 25 29 31 32 70 71 92 95 97 99 103 105 108 110 23
95 22 28 30 33 35 72 71 92 97 99 103 105 108 110 23 171 176 178
21 22 28 30 33 35 72 71 92 97 99 103 105 108 110 23 171 176 178
171 185 24 46 28 30 33 35 72 71 92 95 97 99 103 105 108 110 176
178 185 24 46 28 30 33 35 72 71 92 95 97 99 103 105 108 110 176
23 185 24 46 28 30 33 35 72 71 92 95 97 99 103 105 108 110 176
171 178 185 22 29 30 46 70 72 81 90 115 117 120 122 156 158 159 160
29 24 178 185 22 30 46 70 72 81 90 115 117 120 122 156 158 159 160
176 24 178 185 22 30 46 70 72 81 90 115 117 120 122 156 158 159 160
28 29 30 46 70 72 81 90 115 117 120 122 156 158 159 160 171 176 24
21 29 30 46 70 72 81 90 115 117 120 122 156 158 159 160 171 176 24
176 178 185 24 25 31 32 33 35 81 90 115 117 120 122 156 158 159 171
21 178 185 24 25 31 32 33 35 81 90 115 117 120 122 156 158 159 171
160 178 185 24 25 31 32 33 35 81 90 115 117 120 122 156 158 159 171
22 25 31 32 33 35 81 90 115 117 120 122 156 158 159 160 171 176 21
28 25 31 32 33 35 81 90 115 117 120 122 156 158 159 160 171 176 21
