210
191
0
1
2
3
4
5
6
7
8
9
10
11
12
13
14
15
16
17
18
19
20 0 1 0.4
21 0 2 0.40105820105820106
22 0 3 0.40211640211640215
23 0 4 0.4031746031746032
24 0 5 0.4042328042328043
25 0 6 0.4052910052910053
26 0 7 0.40634920634920635
27 0 8 0.40740740740740744
28 0 9 0.4084656084656085
29 0 10 0.40952380952380957
30 0 11 0.4105820105820106
31 0 12 0.41164021164021164
32 0 13 0.41269841269841273
33 0 14 0.41375661375661377
34 0 15 0.41481481481481486
35 0 16 0.4158730158730159
36 0 17 0.41693121693121693
37 0 18 0.417989417989418
38 0 19 0.41904761904761906
39 1 2 0.42010582010582015
40 1 3 0.4211640211640212
41 1 4 0.4222222222222222
42 1 5 0.4232804232804233
43 1 6 0.42433862433862435
44 1 7 0.42539682539682544
45 1 8 0.4264550264550265
46 1 9 0.4275132275132275
47 1 10 0.4285714285714286
48 1 11 0.42962962962962964
49 1 12 0.43068783068783073
50 1 13 0.43174603174603177
51 1 14 0.4328042328042328
52 1 15 0.4338624338624339
53 1 16 0.43492063492063493
54 1 17 0.435978835978836
55 1 18 0.43703703703703706
56 1 19 0.4380952380952381
57 2 3 0.4391534391534392
58 2 4 0.4402116402116402
59 2 5 0.44126984126984126
60 2 6 0.44232804232804235
61 2 7 0.4433862433862434
62 2 8 0.4444444444444445
63 2 9 0.4455026455026455
64 2 10 0.4465608465608466
65 2 11 0.44761904761904764
66 2 12 0.4486772486772487
67 2 13 0.44973544973544977
68 2 14 0.4507936507936508
69 2 15 0.45185185185185184
70 2 16 0.45291005291005293
71 2 17 0.45396825396825397
72 2 18 0.45502645502645506
73 2 19 0.4560846560846561
74 3 4 0.4571428571428572
75 3 5 0.4582010582010582
76 3 6 0.45925925925925926
77 3 7 0.46031746031746035
78 3 8 0.4613756613756614
79 3 9 0.4624338624338624
80 3 10 0.4634920634920635
81 3 11 0.46455026455026455
82 3 12 0.46560846560846564
83 3 13 0.4666666666666667
84 3 14 0.46772486772486777
85 3 15 0.4687830687830688
86 3 16 0.46984126984126984
87 3 17 0.47089947089947093
88 3 18 0.47195767195767196
89 3 19 0.473015873015873
90 4 5 0.4740740740740741
91 4 6 0.47513227513227513
92 4 7 0.4761904761904762
93 4 8 0.47724867724867726
94 4 9 0.47830687830687835
95 4 10 0.4793650793650794
96 4 11 0.4804232804232804
97 4 12 0.4814814814814815
98 4 13 0.48253968253968255
99 4 14 0.4835978835978836
100 4 15 0.4846560846560847
101 4 16 0.4857142857142857
102 4 17 0.4867724867724868
103 4 18 0.48783068783068784
104 4 19 0.48888888888888893
105 5 6 0.48994708994708996
106 5 7 0.491005291005291
107 5 8 0.4920634920634921
108 5 9 0.4931216931216931
109 5 10 0.49417989417989416
110 5 11 0.49523809523809526
111 5 12 0.4962962962962963
112 5 13 0.4973544973544974
113 5 14 0.4984126984126984
114 5 15 0.4994708994708995
115 5 16 0.5005291005291005
116 5 17 0.5015873015873016
117 5 18 0.5026455026455027
118 5 19 0.5037037037037038
119 6 7 0.5047619047619047
120 6 8 0.5058201058201058
121 6 9 0.5068783068783069
122 6 10 0.5079365079365079
123 6 11 0.508994708994709
124 6 12 0.5100529100529101
125 6 13 0.5111111111111111
126 6 14 0.5121693121693122
127 6 15 0.5132275132275133
128 6 16 0.5142857142857142
129 6 17 0.5153439153439153
130 6 18 0.5164021164021164
131 6 19 0.5174603174603175
132 7 8 0.5185185185185185
133 7 9 0.5195767195767196
134 7 10 0.5206349206349207
135 7 11 0.5216931216931217
136 7 12 0.5227513227513227
137 7 13 0.5238095238095238
138 7 14 0.5248677248677249
139 7 15 0.5259259259259259
140 7 16 0.526984126984127
141 7 17 0.5280423280423281
142 7 18 0.5291005291005291
143 7 19 0.5301587301587302
144 8 9 0.5312169312169313
145 8 10 0.5322751322751322
146 8 11 0.5333333333333333
147 8 12 0.5343915343915344
148 8 13 0.5354497354497354
149 8 14 0.5365079365079365
150 8 15 0.5375661375661376
151 8 16 0.5386243386243386
152 8 17 0.5396825396825397
153 8 18 0.5407407407407407
154 8 19 0.5417989417989418
155 9 10 0.5428571428571429
156 9 11 0.5439153439153439
157 9 12 0.544973544973545
158 9 13 0.5460317460317461
159 9 14 0.5470899470899471
160 9 15 0.5481481481481482
161 9 16 0.5492063492063493
162 9 17 0.5502645502645502
163 9 18 0.5513227513227513
164 9 19 0.5523809523809524
165 10 11 0.5534391534391534
166 10 12 0.5544973544973545
167 10 13 0.5555555555555556
168 10 14 0.5566137566137566
169 10 15 0.5576719576719577
170 10 16 0.5587301587301587
171 10 17 0.5597883597883597
172 10 18 0.5608465608465608
173 10 19 0.5619047619047619
174 11 12 0.562962962962963
175 11 13 0.5640211640211641
176 11 14 0.5650793650793651
177 11 15 0.5661375661375662
178 11 16 0.5671957671957673
179 11 17 0.5682539682539682
180 11 18 0.5693121693121693
181 11 19 0.5703703703703704
182 12 13 0.5714285714285714
183 12 14 0.5724867724867725
184 12 15 0.5735449735449736
185 12 16 0.5746031746031746
186 12 17 0.5756613756613757
187 12 18 0.5767195767195767
188 12 19 0.5777777777777777
189 13 14 0.5788359788359788
190 13 15 0.5798941798941799
191 13 16 0.5809523809523809
192 13 17 0.582010582010582
193 13 18 0.5830687830687831
194 13 19 0.5841269841269842
195 14 15 0.5851851851851851
196 14 16 0.5862433862433862
197 14 17 0.5873015873015873
198 14 18 0.5883597883597884
199 14 19 0.5894179894179894
200 15 16 0.5904761904761905
201 15 17 0.5915343915343916
202 15 18 0.5925925925925926
203 15 19 0.5936507936507937
204 16 17 0.5947089947089947
205 16 18 0.5957671957671957
206 16 19 0.5968253968253968
207 17 18 0.5978835978835979
208 17 19 0.5989417989417989
209 18 19 0.6
20 21 22 23 24 25 26 27 28 29 30 31 32 33 34 35 36 37 38 0
20 39 40 41 42 43 44 45 46 47 48 49 50 51 52 53 54 55 56 1
21 39 57 58 59 60 61 62 63 64 65 66 67 68 69 70 71 72 73 2
22 40 57 74 75 76 77 78 79 80 81 82 83 84 85 86 87 88 89 3
23 41 58 74 90 91 92 93 94 95 96 97 98 99 100 101 102 103 104 4
24 42 59 75 90 105 106 107 108 109 110 111 112 113 114 115 116 117 118 5
25 43 60 76 91 105 119 120 121 122 123 124 125 126 127 128 129 130 131 6
26 44 61 77 92 106 119 132 133 134 135 136 137 138 139 140 141 142 143 7
27 45 62 78 93 107 120 132 144 145 146 147 148 149 150 151 152 153 154 8
28 46 63 79 94 108 121 133 144 155 156 157 158 159 160 161 162 163 164 9
29 47 64 80 95 109 122 134 145 155 165 166 167 168 169 170 171 172 173 10
30 48 65 81 96 110 123 135 146 156 165 174 175 176 177 178 179 180 181 11
31 49 66 82 97 111 124 136 147 157 166 174 182 183 184 185 186 187 188 12
32 50 67 83 98 112 125 137 148 158 167 175 182 189 190 191 192 193 194 13
33 51 68 84 99 113 126 138 149 159 168 176 183 189 195 196 197 198 199 14
34 52 69 85 100 114 127 139 150 160 169 177 184 190 195 200 201 202 203 15
35 53 70 86 101 115 128 140 151 161 170 178 185 191 196 200 204 205 206 16
36 54 71 87 102 116 129 141 152 162 171 179 186 192 197 201 204 207 208 17
37 55 72 88 103 117 130 142 153 163 172 180 187 193 198 202 205 207 209 18
38 56 73 89 104 118 131 143 154 164 173 181 188 194 199 203 206 208 209 19
25 63 37 38 71 108 82 105 113 115 121 124 126 129 131 161 173 182 187 189
33 63 37 38 71 108 82 105 113 115 121 124 126 129 131 161 173 182 187 189
182 189 22 28 33 37 38 71 108 82 105 113 115 121 124 126 129 131 161 173
209 189 22 28 33 37 38 71 108 82 105 113 115 121 124 126 129 131 161 173
187 209 22 28 33 37 38 71 108 82 105 113 115 121 124 126 129 131 161 173
182 187 209 63 29 32 35 59 66 68 82 105 113 115 121 124 126 129 131 173
161 189 209 63 29 32 35 59 66 68 82 105 113 115 121 124 126 129 131 173
187 189 209 63 29 32 35 59 66 68 82 105 113 115 121 124 126 129 131 173
182 189 22 25 29 32 35 59 66 68 82 105 113 115 121 124 126 129 131 161
28 189 22 25 29 32 35 59 66 68 82 105 113 115 121 124 126 129 131 161
173 22 25 28 29 32 35 59 66 68 82 105 113 115 121 124 126 129 131 161
194 189 25 32 29 35 37 38 63 108 73 79 164 89 112 117 155 158 159 163
182 189 25 32 29 35 37 38 63 108 73 79 164 89 112 117 155 158 159 163
209 189 25 32 29 35 37 38 63 108 73 79 164 89 112 117 155 158 159 163
194 209 22 28 29 35 37 38 63 108 73 79 164 89 112 117 155 158 159 163
187 209 22 28 29 35 37 38 63 108 73 79 164 89 112 117 155 158 159 163
182 187 22 28 29 35 37 38 63 108 73 79 164 89 112 117 155 158 159 163
28 187 22 32 33 59 66 68 71 73 79 164 89 112 117 155 158 159 163 194
182 187 22 32 33 59 66 68 71 73 79 164 89 112 117 155 158 159 163 194
189 22 28 32 33 59 66 68 71 73 79 164 89 112 117 155 158 159 163 194
25 33 59 66 68 71 73 79 164 89 112 117 155 158 159 163 194 182 187 189
209 33 59 66 68 71 73 79 164 89 112 117 155 158 159 163 194 182 187 189
204 206 207 168 159 105 112 121 124 126 129 131 158 161 194 183 185 192 196 198
20 206 207 168 159 105 112 121 124 126 129 131 158 161 194 183 185 192 196 198
199 206 207 168 159 105 112 121 124 126 129 131 158 161 194 183 185 192 196 198
197 206 207 168 159 105 112 121 124 126 129 131 158 161 194 183 185 192 196 198
194 197 204 20 42 46 49 51 54 56 105 112 121 124 126 129 131 158 161 183
192 197 204 20 42 46 49 51 54 56 105 112 121 124 126 129 131 158 161 183
185 197 204 20 42 46 49 51 54 56 105 112 121 124 126 129 131 158 161 183
185 196 198 199 42 46 49 51 54 56 105 112 121 124 126 129 131 158 161 194
183 196 198 199 42 46 49 51 54 56 105 112 121 124 126 129 131 158 161 194
192 196 198 199 42 46 49 51 54 56 105 112 121 124 126 129 131 158 161 194
196 197 198 199 204 206 207 20 168 54 75 84 87 89 108 113 115 117 155 163
183 197 198 199 204 206 207 20 168 54 75 84 87 89 108 113 115 117 155 163
173 197 198 199 204 206 207 20 168 54 75 84 87 89 108 113 115 117 155 163
173 185 192 56 204 206 207 20 168 54 75 84 87 89 108 113 115 117 155 163
192 196 185 56 204 206 207 20 168 54 75 84 87 89 108 113 115 117 155 163
183 196 185 56 204 206 207 20 168 54 75 84 87 89 108 113 115 117 155 163
185 196 199 56 42 46 49 51 159 75 84 87 89 108 113 115 117 155 163 183
197 196 199 56 42 46 49 51 159 75 84 87 89 108 113 115 117 155 163 183
173 197 199 56 42 46 49 51 159 75 84 87 89 108 113 115 117 155 163 183
192 198 42 46 51 159 75 84 87 89 108 113 115 117 155 163 173 183 185 196
49 198 42 46 51 159 75 84 87 89 108 113 115 117 155 163 173 183 185 196
156 157 181 186 208 24 30 36 75 79 84 87 106 107 118 133 136 138 143 144
174 157 181 186 208 24 30 36 75 79 84 87 106 107 118 133 136 138 143 144
162 174 181 186 208 24 30 36 75 79 84 87 106 107 118 133 136 138 143 144
36 26 208 24 30 75 79 84 87 106 107 118 133 136 138 143 144 156 157 162
176 26 208 24 30 75 79 84 87 106 107 118 133 136 138 143 144 156 157 162
156 174 181 26 23 27 31 34 38 82 79 84 87 106 107 118 133 136 138 143
176 174 181 26 23 27 31 34 38 82 79 84 87 106 107 118 133 136 138 143
144 176 181 26 23 27 31 34 38 82 79 84 87 106 107 118 133 136 138 143
144 157 162 186 23 27 31 34 38 82 79 84 87 106 107 118 133 136 138 143
162 174 157 186 23 27 31 34 38 82 79 84 87 106 107 118 133 136 138 143
156 174 157 186 23 27 31 34 38 82 79 84 87 106 107 118 133 136 138 143
116 174 176 181 23 24 26 30 31 38 90 94 97 99 102 104 110 111 114 184
156 174 176 181 23 24 26 30 31 38 90 94 97 99 102 104 110 111 114 184
186 174 176 181 23 24 26 30 31 38 90 94 97 99 102 104 110 111 114 184
184 157 162 34 23 24 26 30 31 38 90 94 97 99 102 104 110 111 114 186
116 157 162 34 23 24 26 30 31 38 90 94 97 99 102 104 110 111 114 186
156 157 162 34 23 24 26 30 31 38 90 94 97 99 102 104 110 111 114 186
156 157 176 181 186 208 36 75 82 90 94 97 99 102 104 110 111 114 116 184
27 157 176 181 186 208 36 75 82 90 94 97 99 102 104 110 111 114 116 184
174 176 181 186 208 27 36 75 82 90 94 97 99 102 104 110 111 114 116 184
34 208 27 36 75 82 90 94 97 99 102 104 110 111 114 116 184 156 157 174
162 208 27 36 75 82 90 94 97 99 102 104 110 111 114 116 184 156 157 174
149 154 188 195 21 59 63 66 68 90 94 97 99 102 106 133 136 138 143 147
104 154 188 195 21 59 63 66 68 90 94 97 99 102 106 133 136 138 143 147
184 188 195 21 59 63 66 68 104 90 94 97 99 102 106 133 136 138 143 147
59 203 63 66 68 104 90 94 97 99 102 106 133 136 138 143 184 147 149 154
160 203 63 66 68 104 90 94 97 99 102 106 133 136 138 143 184 147 149 154
188 149 195 21 42 46 49 51 54 56 90 94 97 99 102 106 133 136 138 184
147 149 195 21 42 46 49 51 54 56 90 94 97 99 102 106 133 136 138 184
143 188 195 21 42 46 49 51 54 56 90 94 97 99 102 106 133 136 138 184
149 154 160 203 42 46 49 51 54 56 90 94 97 99 102 106 133 136 138 143
154 147 160 203 42 46 49 51 54 56 90 94 97 99 102 106 133 136 138 143
184 147 160 203 42 46 49 51 54 56 90 94 97 99 102 106 133 136 138 143
118 188 195 203 21 46 49 51 54 56 63 68 71 73 164 107 110 111 114 116
111 144 147 160 188 195 203 21 46 49 51 54 56 63 68 71 73 164 107 110
114 144 147 160 188 195 203 21 46 49 51 54 56 63 68 71 73 164 107 110
116 144 147 160 188 195 203 21 46 49 51 54 56 63 68 71 73 164 107 110
147 160 149 154 42 49 51 54 56 63 68 71 73 164 107 110 111 114 116 118
46 160 149 154 42 49 51 54 56 63 68 71 73 164 107 110 111 114 116 118
144 149 154 42 46 49 51 54 56 63 68 71 73 164 107 110 111 114 116 118
42 59 66 104 71 73 164 107 110 111 114 116 118 144 147 149 154 160 188 195
59 21 66 104 71 73 164 107 110 111 114 116 118 144 147 149 154 160 188 195
203 21 66 104 71 73 164 107 110 111 114 116 118 144 147 149 154 160 188 195
23 25 26 30 32 34 50 96 119 123 127 128 135 139 140 142 22 177 178 180
201 25 26 30 32 34 50 96 119 123 127 128 135 139 140 142 22 177 178 180
22 200 202 205 25 26 30 32 34 50 96 119 123 127 128 135 139 140 142 177
200 180 202 205 25 26 30 32 34 50 96 119 123 127 128 135 139 140 142 177
178 180 202 205 25 26 30 32 34 50 96 119 123 127 128 135 139 140 142 177
35 23 21 27 29 36 69 50 96 119 123 127 128 135 139 140 142 22 177 180
201 23 21 27 29 36 69 50 96 119 123 127 128 135 139 140 142 22 177 180
139 142 177 180 178 200 202 205 21 27 29 35 36 69 50 96 119 123 127 135
22 142 177 180 178 200 202 205 21 27 29 35 36 69 50 96 119 123 127 135
128 22 177 180 178 200 202 205 21 27 29 35 36 69 50 96 119 123 127 135
140 178 200 202 205 21 27 29 35 36 69 50 96 119 123 127 128 135 139 142
205 180 201 202 21 29 30 34 36 69 37 62 65 70 72 103 130 141 146 152
201 177 180 202 21 29 30 34 36 69 37 62 65 70 72 103 130 141 146 152
165 177 180 202 21 29 30 34 36 69 37 62 65 70 72 103 130 141 146 152
205 178 200 25 21 29 30 34 36 69 37 62 65 70 72 103 130 141 146 152
165 177 200 25 21 29 30 34 36 69 37 62 65 70 72 103 130 141 146 152
178 177 200 25 21 29 30 34 36 69 37 62 65 70 72 103 130 141 146 152
178 180 205 25 23 26 27 32 35 37 62 65 70 72 103 130 141 146 152 165
177 200 205 25 23 26 27 32 35 37 62 65 70 72 103 130 141 146 152 165
180 200 205 25 23 26 27 32 35 37 62 65 70 72 103 130 141 146 152 165
26 202 23 27 32 35 37 62 65 70 72 103 130 141 146 152 165 177 178 200
201 202 23 27 32 35 37 62 65 70 72 103 130 141 146 152 165 177 178 200
20 31 48 53 55 61 65 70 119 123 128 130 135 140 142 165 22 166 171 179
44 31 48 53 55 61 65 70 119 123 128 130 135 140 142 165 22 166 171 179
40 179 39 43 44 48 53 55 61 65 70 119 123 128 130 135 140 142 165 166
171 179 39 43 44 48 53 55 61 65 70 119 123 128 130 135 140 142 165 166
22 39 40 43 44 48 53 55 61 65 70 119 123 128 130 135 140 142 165 166
171 166 179 40 41 45 47 52 57 58 65 70 119 123 128 130 135 140 142 22
165 166 179 40 41 45 47 52 57 58 65 70 119 123 128 130 135 140 142 22
43 171 179 40 41 45 47 52 57 58 65 70 119 123 128 130 135 140 142 22
165 166 31 39 41 45 47 52 57 58 65 70 119 123 128 130 135 140 142 22
20 166 31 39 41 45 47 52 57 58 65 70 119 123 128 130 135 140 142 22
43 20 31 39 41 45 47 52 57 58 65 70 119 123 128 130 135 140 142 22
20 31 39 41 43 45 47 48 55 60 64 72 96 103 127 139 141 146 152 171
179 31 39 41 43 45 47 48 55 60 64 72 96 103 127 139 141 146 152 171
166 31 39 41 43 45 47 48 55 60 64 72 96 103 127 139 141 146 152 171
44 43 45 47 48 55 60 64 72 96 103 127 139 141 146 152 166 171 179 20
40 43 45 47 48 55 60 64 72 96 103 127 139 141 146 152 166 171 179 20
40 52 53 57 58 61 60 64 72 96 103 127 139 141 146 152 166 171 179 20
31 52 53 57 58 61 60 64 72 96 103 127 139 141 146 152 166 171 179 20
20 39 41 44 52 53 57 58 61 60 64 72 96 103 127 139 141 146 152 166
171 179 41 44 52 53 57 58 61 60 64 72 96 103 127 139 141 146 152 166
39 179 41 44 52 53 57 58 61 60 64 72 96 103 127 139 141 146 152 166
50 170 191 28 44 47 53 60 61 64 67 91 92 95 98 100 101 43 109 122
125 170 191 28 44 47 53 60 61 64 67 91 92 95 98 100 101 43 109 122
134 122 137 167 169 170 191 28 44 47 53 60 61 64 67 91 92 95 98 100
43 122 137 167 169 170 191 28 44 47 53 60 61 64 67 91 92 95 98 100
109 134 137 167 169 170 191 28 44 47 53 60 61 64 67 91 92 95 98 100
101 134 137 167 169 170 191 28 44 47 53 60 61 64 67 91 92 95 98 100
122 137 169 50 172 175 24 48 74 60 61 64 67 91 92 95 98 100 101 43
134 137 169 50 172 175 24 48 74 60 61 64 67 91 92 95 98 100 101 43
109 134 169 50 172 175 24 48 74 60 61 64 67 91 92 95 98 100 101 43
125 172 175 24 48 74 60 61 64 67 91 92 95 98 100 101 43 109 122 137
167 172 175 24 48 74 60 61 64 67 91 92 95 98 100 101 43 109 122 137
122 137 167 169 172 24 44 47 50 76 77 78 80 81 83 85 86 88 93 125
170 137 167 169 172 24 44 47 50 76 77 78 80 81 83 85 86 88 93 125
109 137 167 169 172 24 44 47 50 76 77 78 80 81 83 85 86 88 93 125
134 172 24 44 47 50 76 77 78 80 81 83 85 86 88 93 109 122 125 170
53 172 24 44 47 50 76 77 78 80 81 83 85 86 88 93 109 122 125 170
125 137 167 169 175 191 28 48 74 76 77 78 80 81 83 85 86 88 93 122
109 137 167 169 175 191 28 48 74 76 77 78 80 81 83 85 86 88 93 122
134 137 167 169 175 191 28 48 74 76 77 78 80 81 83 85 86 88 93 122
170 175 191 28 48 74 76 77 78 80 81 83 85 86 88 93 109 122 125 134
53 175 191 28 48 74 76 77 78 80 81 83 85 86 88 93 109 122 125 134
120 145 148 153 39 190 193 33 168 40 57 58 69 85 91 92 93 95 98 100
43 145 148 153 39 190 193 33 168 40 57 58 69 85 91 92 93 95 98 100
153 150 145 148 39 190 193 33 168 40 57 58 69 85 91 92 93 95 98 100
101 150 145 148 39 190 193 33 168 40 57 58 69 85 91 92 93 95 98 100
151 190 193 33 168 40 57 58 69 85 91 92 93 95 98 100 101 43 120 150
132 190 193 33 168 40 57 58 69 85 91 92 93 95 98 100 101 43 120 150
148 39 45 52 55 62 58 69 85 91 92 93 95 98 100 101 43 120 132 145
41 39 45 52 55 62 58 69 85 91 92 93 95 98 100 101 43 120 132 145
153 145 150 151 41 45 52 55 62 58 69 85 91 92 93 95 98 100 101 43
120 145 150 151 41 45 52 55 62 58 69 85 91 92 93 95 98 100 101 43
132 150 151 153 41 45 52 55 62 58 69 85 91 92 93 95 98 100 101 43
39 52 40 41 45 57 67 74 76 77 78 80 81 83 86 88 120 132 145 150
151 52 40 41 45 57 67 74 76 77 78 80 81 83 86 88 120 132 145 150
145 150 153 190 39 40 41 45 57 67 74 76 77 78 80 81 83 86 88 120
148 150 153 190 39 40 41 45 57 67 74 76 77 78 80 81 83 86 88 120
132 148 153 190 39 40 41 45 57 67 74 76 77 78 80 81 83 86 88 120
151 153 33 168 55 62 67 74 76 77 78 80 81 83 86 88 120 132 145 150
193 153 33 168 55 62 67 74 76 77 78 80 81 83 86 88 120 132 145 150
132 148 190 52 193 33 168 55 62 67 74 76 77 78 80 81 83 86 88 120
145 148 190 52 193 33 168 55 62 67 74 76 77 78 80 81 83 86 88 120
150 148 190 52 193 33 168 55 62 67 74 76 77 78 80 81 83 86 88 120
