231
211
0
1
2
3
4
5
6
7
8
9
10
11
12
13
14
15
16
17
18
19
20
21 0 1 0.4
22 0 2 0.40095693779904307
23 0 3 0.40191387559808617
24 0 4 0.4028708133971292
25 0 5 0.40382775119617226
26 0 6 0.40478468899521536
27 0 7 0.4057416267942584
28 0 8 0.40669856459330145
29 0 9 0.4076555023923445
30 0 10 0.4086124401913876
31 0 11 0.40956937799043064
32 0 12 0.4105263157894737
33 0 13 0.4114832535885168
34 0 14 0.41244019138755983
35 0 15 0.4133971291866029
36 0 16 0.414354066985646
37 0 17 0.415311004784689
38 0 18 0.41626794258373206
39 0 19 0.41722488038277517
40 0 20 0.4181818181818182
41 1 2 0.41913875598086126
42 1 3 0.4200956937799043
43 1 4 0.4210526315789474
44 1 5 0.42200956937799045
45 1 6 0.4229665071770335
46 1 7 0.4239234449760766
47 1 8 0.42488038277511964
48 1 9 0.4258373205741627
49 1 10 0.4267942583732058
50 1 11 0.4277511961722488
51 1 12 0.42870813397129187
52 1 13 0.42966507177033497
53 1 14 0.430622009569378
54 1 15 0.43157894736842106
55 1 16 0.4325358851674641
56 1 17 0.4334928229665072
57 1 18 0.43444976076555025
58 1 19 0.4354066985645933
59 1 20 0.4363636363636364
60 2 3 0.43732057416267944
61 2 4 0.4382775119617225
62 2 5 0.4392344497607656
63 2 6 0.44019138755980863
64 2 7 0.4411483253588517
65 2 8 0.4421052631578948
66 2 9 0.4430622009569378
67 2 10 0.44401913875598087
68 2 11 0.4449760765550239
69 2 12 0.445933014354067
70 2 13 0.44688995215311006
71 2 14 0.4478468899521531
72 2 15 0.4488038277511962
73 2 16 0.44976076555023925
74 2 17 0.4507177033492823
75 2 18 0.45167464114832534
76 2 19 0.45263157894736844
77 2 20 0.4535885167464115
78 3 4 0.4545454545454546
79 3 5 0.45550239234449763
80 3 6 0.4564593301435407
81 3 7 0.4574162679425837
82 3 8 0.4583732057416268
83 3 9 0.45933014354066987
84 3 10 0.4602870813397129
85 3 11 0.461244019138756
86 3 12 0.46220095693779906
87 3 13 0.4631578947368421
88 3 14 0.46411483253588515
89 3 15 0.46507177033492825
90 3 16 0.4660287081339713
91 3 17 0.4669856459330144
92 3 18 0.46794258373205744
93 3 19 0.4688995215311005
94 3 20 0.4698564593301435
95 4 5 0.47081339712918663
96 4 6 0.4717703349282297
97 4 7 0.4727272727272727
98 4 8 0.4736842105263158
99 4 9 0.47464114832535886
100 4 10 0.4755980861244019
101 4 11 0.47655502392344495
102 4 12 0.47751196172248805
103 4 13 0.4784688995215311
104 4 14 0.4794258373205742
105 4 15 0.48038277511961724
106 4 16 0.4813397129186603
107 4 17 0.48229665071770333
108 4 18 0.48325358851674644
109 4 19 0.4842105263157895
110 4 20 0.4851674641148325
111 5 6 0.4861244019138756
112 5 7 0.48708133971291867
113 5 8 0.4880382775119617
114 5 9 0.48899521531100476
115 5 10 0.48995215311004786
116 5 11 0.4909090909090909
117 5 12 0.491866028708134
118 5 13 0.49282296650717705
119 5 14 0.4937799043062201
120 5 15 0.49473684210526314
121 5 16 0.49569377990430624
122 5 17 0.4966507177033493
123 5 18 0.49760765550239233
124 5 19 0.49856459330143543
125 5 20 0.4995215311004785
126 6 7 0.5004784688995215
127 6 8 0.5014354066985646
128 6 9 0.5023923444976076
129 6 10 0.5033492822966508
130 6 11 0.5043062200956938
131 6 12 0.5052631578947369
132 6 13 0.5062200956937799
133 6 14 0.507177033492823
134 6 15 0.508133971291866
135 6 16 0.509090909090909
136 6 17 0.5100478468899522
137 6 18 0.5110047846889952
138 6 19 0.5119617224880383
139 6 20 0.5129186602870813
140 7 8 0.5138755980861244
141 7 9 0.5148325358851674
142 7 10 0.5157894736842106
143 7 11 0.5167464114832536
144 7 12 0.5177033492822967
145 7 13 0.5186602870813397
146 7 14 0.5196172248803828
147 7 15 0.5205741626794258
148 7 16 0.5215311004784688
149 7 17 0.522488038277512
150 7 18 0.523444976076555
151 7 19 0.5244019138755981
152 7 20 0.5253588516746411
153 8 9 0.5263157894736842
154 8 10 0.5272727272727273
155 8 11 0.5282296650717704
156 8 12 0.5291866028708134
157 8 13 0.5301435406698565
158 8 14 0.5311004784688995
159 8 15 0.5320574162679426
160 8 16 0.5330143540669856
161 8 17 0.5339712918660287
162 8 18 0.5349282296650717
163 8 19 0.5358851674641149
164 8 20 0.5368421052631579
165 9 10 0.5377990430622009
166 9 11 0.538755980861244
167 9 12 0.5397129186602871
168 9 13 0.5406698564593302
169 9 14 0.5416267942583732
170 9 15 0.5425837320574163
171 9 16 0.5435406698564593
172 9 17 0.5444976076555024
173 9 18 0.5454545454545454
174 9 19 0.5464114832535885
175 9 20 0.5473684210526315
176 10 11 0.5483253588516747
177 10 12 0.5492822966507177
178 10 13 0.5502392344497608
179 10 14 0.5511961722488038
180 10 15 0.552153110047847
181 10 16 0.55311004784689
182 10 17 0.554066985645933
183 10 18 0.5550239234449761
184 10 19 0.5559808612440191
185 10 20 0.5569377990430622
186 11 12 0.5578947368421052
187 11 13 0.5588516746411483
188 11 14 0.5598086124401913
189 11 15 0.5607655502392345
190 11 16 0.5617224880382775
191 11 17 0.5626794258373206
192 11 18 0.5636363636363636
193 11 19 0.5645933014354066
194 11 20 0.5655502392344498
195 12 13 0.5665071770334928
196 12 14 0.5674641148325359
197 12 15 0.5684210526315789
198 12 16 0.569377990430622
199 12 17 0.570334928229665
200 12 18 0.5712918660287081
201 12 19 0.5722488038277511
202 12 20 0.5732057416267943
203 13 14 0.5741626794258373
204 13 15 0.5751196172248804
205 13 16 0.5760765550239234
206 13 17 0.5770334928229665
207 13 18 0.5779904306220096
208 13 19 0.5789473684210527
209 13 20 0.5799043062200957
210 14 15 0.5808612440191387
211 14 16 0.5818181818181818
212 14 17 0.5827751196172248
213 14 18 0.5837320574162679
214 14 19 0.5846889952153109
215 14 20 0.5856459330143541
216 15 16 0.5866028708133971
217 15 17 0.5875598086124402
218 15 18 0.5885167464114832
219 15 19 0.5894736842105263
220 15 20 0.5904306220095694
221 16 17 0.5913875598086125
222 16 18 0.5923444976076555
223 16 19 0.5933014354066986
224 16 20 0.5942583732057416
225 17 18 0.5952153110047846
226 17 19 0.5961722488038277
227 17 20 0.5971291866028707
228 18 19 0.5980861244019139
229 18 20 0.5990430622009569
230 19 20 0.6
21 22 23 24 25 26 27 28 29 30 31 32 33 34 35 36 37 38 39 40 0
21 41 42 43 44 45 46 47 48 49 50 51 52 53 54 55 56 57 58 59 1
22 41 60 61 62 63 64 65 66 67 68 69 70 71 72 73 74 75 76 77 2
23 42 60 78 79 80 81 82 83 84 85 86 87 88 89 90 91 92 93 94 3
24 43 61 78 95 96 97 98 99 100 101 102 103 104 105 106 107 108 109 110 4
25 44 62 79 95 111 112 113 114 115 116 117 118 119 120 121 122 123 124 125 5
26 45 63 80 96 111 126 127 128 129 130 131 132 133 134 135 136 137 138 139 6
27 46 64 81 97 112 126 140 141 142 143 144 145 146 147 148 149 150 151 152 7
28 47 65 82 98 113 127 140 153 154 155 156 157 158 159 160 161 162 163 164 8
29 48 66 83 99 114 128 141 153 165 166 167 168 169 170 171 172 173 174 175 9
30 49 67 84 100 115 129 142 154 165 176 177 178 179 180 181 182 183 184 185 10
31 50 68 85 101 116 130 143 155 166 176 186 187 188 189 190 191 192 193 194 11
32 51 69 86 102 117 131 144 156 167 177 186 195 196 197 198 199 200 201 202 12
33 52 70 87 103 118 132 145 157 168 178 187 195 203 204 205 206 207 208 209 13
34 53 71 88 104 119 133 146 158 169 179 188 196 203 210 211 212 213 214 215 14
35 54 72 89 105 120 134 147 159 170 180 189 197 204 210 216 217 218 219 220 15
36 55 73 90 106 121 135 148 160 171 181 190 198 205 211 216 221 222 223 224 16
37 56 74 91 107 122 136 149 161 172 182 191 199 206 212 217 221 225 226 227 17
38 57 75 92 108 123 137 150 162 173 183 192 200 207 213 218 222 225 228 229 18
39 58 76 93 109 124 138 151 163 174 184 193 201 208 214 219 223 226 228 230 19
40 59 77 94 110 125 139 152 164 175 185 194 202 209 215 220 224 227 229 230 20
175 183 203 207 212 213 63 68 75 77 185 103 108 137 139 140 157 161 162 39 166
178 187 183 203 212 213 63 68 75 77 185 103 108 137 139 140 157 161 162 39 166
207 187 183 203 212 213 63 68 75 77 185 103 108 137 139 140 157 161 162 39 166
212 193 213 63 68 75 77 185 103 108 137 139 140 157 161 162 39 166 175 178 187
191 193 213 63 68 75 77 185 103 108 137 139 140 157 161 162 39 166 175 178 187
162 183 187 191 193 209 225 227 229 230 49 77 185 103 108 137 139 140 157 161 175
178 183 187 191 193 209 225 227 229 230 49 77 185 103 108 137 139 140 157 161 175
39 166 187 191 193 209 225 227 229 230 49 77 185 103 108 137 139 140 157 161 175
183 166 187 191 193 209 225 227 229 230 49 77 185 103 108 137 139 140 157 161 175
207 209 225 227 229 230 49 77 185 103 108 137 139 140 157 161 162 39 166 175 178
203 209 225 227 229 230 49 77 185 103 108 137 139 140 157 161 162 39 166 175 178
144 152 175 178 183 207 209 225 227 63 68 75 69 71 116 125 126 128 132 136 143
132 136 146 150 152 175 178 183 207 209 225 227 63 68 75 69 71 116 125 126 128
166 136 146 150 152 175 178 183 207 209 225 227 63 68 75 69 71 116 125 126 128
143 146 150 166 152 175 178 183 207 209 225 227 63 68 75 69 71 116 125 126 128
166 187 191 203 207 209 225 227 63 68 75 69 71 116 125 126 128 132 136 143 144
225 150 187 191 203 207 209 227 63 68 75 69 71 116 125 126 128 132 136 143 144
146 150 187 191 203 207 209 227 63 68 75 69 71 116 125 126 128 132 136 143 144
175 166 178 183 193 212 213 229 230 49 69 71 116 125 126 128 132 136 143 144 146
150 166 178 183 193 212 213 229 230 49 69 71 116 125 126 128 132 136 143 144 146
152 175 178 183 193 212 213 229 230 49 69 71 116 125 126 128 132 136 143 144 146
152 187 191 203 193 212 213 229 230 49 69 71 116 125 126 128 132 136 143 144 146
166 187 191 203 193 212 213 229 230 49 69 71 116 125 126 128 132 136 143 144 146
150 187 191 203 193 212 213 229 230 49 69 71 116 125 126 128 132 136 143 144 146
25 195 200 27 29 33 38 40 57 59 96 98 103 108 116 125 140 143 144 150 39
164 195 200 27 29 33 38 40 57 59 96 98 103 108 116 125 140 143 144 150 39
152 200 25 27 29 33 38 40 57 59 96 98 103 108 116 125 140 143 144 150 39
152 199 23 47 29 33 38 40 57 59 96 98 103 108 116 125 140 143 144 150 195
39 164 23 47 29 33 38 40 57 59 96 98 103 108 116 125 140 143 144 150 195
199 164 23 47 29 33 38 40 57 59 96 98 103 108 116 125 140 143 144 150 195
39 25 27 47 37 45 50 51 52 126 96 98 103 108 116 125 140 143 144 150 152
25 199 27 47 37 45 50 51 52 126 96 98 103 108 116 125 140 143 144 150 152
164 199 27 47 37 45 50 51 52 126 96 98 103 108 116 125 140 143 144 150 152
164 199 200 23 37 45 50 51 52 126 96 98 103 108 116 125 140 143 144 150 152
195 199 200 23 37 45 50 51 52 126 96 98 103 108 116 125 140 143 144 150 152
39 195 200 23 37 45 50 51 52 126 96 98 103 108 116 125 140 143 144 150 152
157 23 27 29 40 45 47 50 51 52 57 59 126 85 94 128 132 136 137 139 161
146 23 27 29 40 45 47 50 51 52 57 59 126 85 94 128 132 136 137 139 161
23 200 27 29 40 45 47 50 51 52 57 59 126 85 94 128 132 136 137 139 161
162 200 27 29 40 45 47 50 51 52 57 59 126 85 94 128 132 136 137 139 161
157 161 164 199 25 45 47 50 51 52 57 59 126 85 94 128 132 136 137 139 162
195 161 164 199 25 45 47 50 51 52 57 59 126 85 94 128 132 136 137 139 162
146 164 195 199 25 45 47 50 51 52 57 59 126 85 94 128 132 136 137 139 162
200 164 195 199 25 45 47 50 51 52 57 59 126 85 94 128 132 136 137 139 162
27 29 33 38 85 94 128 132 136 137 139 146 157 161 162 164 195 199 200 23 25
37 29 33 38 85 94 128 132 136 137 139 146 157 161 162 164 195 199 200 23 25
40 33 37 38 85 94 128 132 136 137 139 146 157 161 162 164 195 199 200 23 25
53 21 22 45 49 50 52 68 71 133 96 98 100 101 102 104 110 131 154 156 158
177 21 22 45 49 50 52 68 71 133 96 98 100 101 102 104 110 131 154 156 158
192 21 22 45 49 50 52 68 71 133 96 98 100 101 102 104 110 131 154 156 158
192 204 218 51 49 50 52 68 71 133 96 98 100 101 102 104 110 131 154 156 158
53 204 218 51 49 50 52 68 71 133 96 98 100 101 102 104 110 131 154 156 158
177 204 218 51 49 50 52 68 71 133 96 98 100 101 102 104 110 131 154 156 158
45 47 57 59 63 69 75 96 98 100 101 102 104 110 131 154 156 158 177 192 21
218 47 57 59 63 69 75 96 98 100 101 102 104 110 131 154 156 158 177 192 21
204 192 22 53 51 47 57 59 63 69 75 96 98 100 101 102 104 110 131 154 156
158 192 22 53 51 47 57 59 63 69 75 96 98 100 101 102 104 110 131 154 156
177 21 204 22 53 47 57 59 63 69 75 96 98 100 101 102 104 110 131 154 156
51 21 204 22 53 47 57 59 63 69 75 96 98 100 101 102 104 110 131 154 156
45 57 50 63 68 69 71 75 77 85 94 127 129 130 134 135 155 159 176 224 22
51 57 50 63 68 69 71 75 77 85 94 127 129 130 134 135 155 159 176 224 22
155 135 159 224 192 204 218 21 53 50 51 63 68 69 71 75 77 85 94 127 130
129 135 159 224 192 204 218 21 53 50 51 63 68 69 71 75 77 85 94 127 130
134 135 159 224 192 204 218 21 53 50 51 63 68 69 71 75 77 85 94 127 130
176 192 204 218 21 53 50 51 63 68 69 71 75 77 85 94 127 129 130 134 155
22 192 204 218 21 53 50 51 63 68 69 71 75 77 85 94 127 129 130 134 155
47 57 49 52 59 133 77 85 94 127 129 130 134 135 155 159 176 224 192 204 21
218 57 49 52 59 133 77 85 94 127 129 130 134 135 155 159 176 224 192 204 21
192 21 53 45 47 49 52 59 133 77 85 94 127 129 130 134 135 155 159 176 224
22 21 53 45 47 49 52 59 133 77 85 94 127 129 130 134 135 155 159 176 224
204 22 53 45 47 49 52 59 133 77 85 94 127 129 130 134 135 155 159 176 224
26 211 202 28 30 31 32 36 185 127 129 130 131 133 134 135 176 177 224 179 186
196 211 202 28 30 31 32 36 185 127 129 130 131 133 134 135 176 177 224 179 186
179 188 189 190 194 202 26 28 30 31 32 36 185 127 129 130 131 133 134 135 177
224 188 189 190 194 202 26 28 30 31 32 36 185 127 129 130 131 133 134 135 177
176 186 188 189 194 202 26 28 30 31 32 36 185 127 129 130 131 133 134 135 177
190 186 188 189 194 202 26 28 30 31 32 36 185 127 129 130 131 133 134 135 177
224 188 189 190 194 197 210 215 220 24 35 36 185 127 129 130 131 133 134 135 176
186 188 189 190 194 197 210 215 220 24 35 36 185 127 129 130 131 133 134 135 176
177 179 189 190 194 197 210 215 220 24 35 36 185 127 129 130 131 133 134 135 176
188 179 189 190 194 197 210 215 220 24 35 36 185 127 129 130 131 133 134 135 176
196 211 197 210 215 24 35 36 185 127 129 130 131 133 134 135 176 177 224 179 186
220 211 197 210 215 24 35 36 185 127 129 130 131 133 134 135 176 177 224 179 186
190 186 188 196 202 210 211 215 220 30 34 40 100 101 102 104 110 154 155 156 158
159 186 188 196 202 210 211 215 220 30 34 40 100 101 102 104 110 154 155 156 158
179 186 188 196 202 210 211 215 220 30 34 40 100 101 102 104 110 154 155 156 158
159 190 189 24 202 210 211 215 220 30 34 40 100 101 102 104 110 154 155 156 158
194 190 189 24 202 210 211 215 220 30 34 40 100 101 102 104 110 154 155 156 158
179 189 194 24 202 210 211 215 220 30 34 40 100 101 102 104 110 154 155 156 158
159 189 190 194 197 26 28 31 32 35 34 40 100 101 102 104 110 154 155 156 158
189 24 190 194 197 26 28 31 32 35 34 40 100 101 102 104 110 154 155 156 158
179 24 190 194 197 26 28 31 32 35 34 40 100 101 102 104 110 154 155 156 158
179 186 188 196 197 26 28 31 32 35 34 40 100 101 102 104 110 154 155 156 158
24 186 188 196 197 26 28 31 32 35 34 40 100 101 102 104 110 154 155 156 158
159 186 188 196 197 26 28 31 32 35 34 40 100 101 102 104 110 154 155 156 158
115 121 153 160 172 198 216 221 32 60 78 79 81 82 83 84 86 89 90 91 182
160 117 121 153 172 198 216 221 32 60 78 79 81 82 83 84 86 89 90 91 182
107 117 121 153 172 198 216 221 32 60 78 79 81 82 83 84 86 89 90 91 182
115 117 141 149 172 198 216 221 32 60 78 79 81 82 83 84 86 89 90 91 182
147 117 141 149 172 198 216 221 32 60 78 79 81 82 83 84 86 89 90 91 182
107 141 147 149 172 198 216 221 32 60 78 79 81 82 83 84 86 89 90 91 182
117 141 147 149 165 167 170 171 180 95 78 79 81 82 83 84 86 89 90 91 107
147 115 141 149 165 167 170 171 180 95 78 79 81 82 83 84 86 89 90 91 107
182 115 141 149 165 167 170 171 180 95 78 79 81 82 83 84 86 89 90 91 107
160 117 121 153 165 167 170 171 180 95 78 79 81 82 83 84 86 89 90 91 182
115 117 121 153 165 167 170 171 180 95 78 79 81 82 83 84 86 89 90 91 182
107 121 153 160 165 167 170 171 180 95 78 79 81 82 83 84 86 89 90 91 182
147 121 117 141 149 167 170 180 198 32 60 61 64 65 66 67 74 87 99 105 114
115 121 117 141 149 167 170 180 198 32 60 61 64 65 66 67 74 87 99 105 114
117 113 141 147 149 167 170 180 198 32 60 61 64 65 66 67 74 87 99 105 114
112 113 141 147 149 167 170 180 198 32 60 61 64 65 66 67 74 87 99 105 114
153 165 167 180 198 32 60 61 64 65 66 67 74 87 99 105 112 113 114 115 121
170 165 167 180 198 32 60 61 64 65 66 67 74 87 99 105 112 113 114 115 121
115 117 153 165 160 171 172 216 221 95 61 64 65 66 67 74 87 99 105 112 113
114 117 153 165 160 171 172 216 221 95 61 64 65 66 67 74 87 99 105 112 113
141 117 153 165 160 171 172 216 221 95 61 64 65 66 67 74 87 99 105 112 113
115 141 147 149 160 171 172 216 221 95 61 64 65 66 67 74 87 99 105 112 114
121 141 147 149 160 171 172 216 221 95 61 64 65 66 67 74 87 99 105 112 114
113 121 147 149 160 171 172 216 221 95 61 64 65 66 67 74 87 99 105 112 114
107 182 122 201 206 42 43 44 46 48 54 56 70 118 78 81 84 95 99 105 112
217 182 122 201 206 42 43 44 46 48 54 56 70 118 78 81 84 95 99 105 112
120 122 201 206 217 42 43 44 46 48 54 56 70 118 78 81 84 95 99 105 112
113 122 201 206 217 42 43 44 46 48 54 56 70 118 78 81 84 95 99 105 112
182 163 168 41 42 43 44 46 48 54 56 70 118 78 81 84 95 99 105 107 112
163 120 168 41 42 43 44 46 48 54 56 70 118 78 81 84 95 99 105 107 112
113 120 168 41 42 43 44 46 48 54 56 70 118 78 81 84 95 99 105 107 112
163 168 226 55 58 74 70 118 78 81 84 95 99 105 107 112 113 182 120 122 201
219 168 226 55 58 74 70 118 78 81 84 95 99 105 107 112 113 182 120 122 201
120 206 217 41 219 226 55 58 74 70 118 78 81 84 95 99 105 107 112 113 122
201 206 217 41 219 226 55 58 74 70 118 78 81 84 95 99 105 107 112 113 122
182 206 217 41 219 226 55 58 74 70 118 78 81 84 95 99 105 107 112 113 122
217 48 43 44 54 55 56 62 72 79 82 83 86 87 89 90 91 114 120 122 168
41 48 43 44 54 55 56 62 72 79 82 83 86 87 89 90 91 114 120 122 168
114 120 163 206 219 41 43 44 54 55 56 62 72 79 82 83 86 87 89 90 168
201 120 163 206 219 41 43 44 54 55 56 62 72 79 82 83 86 87 89 90 168
163 122 201 206 219 41 43 44 54 55 56 62 72 79 82 83 86 87 89 90 168
91 122 201 206 219 41 43 44 54 55 56 62 72 79 82 83 86 87 89 90 168
217 226 42 46 58 74 62 72 79 82 83 86 87 89 90 91 114 120 122 163 168
219 226 42 46 58 74 62 72 79 82 83 86 87 89 90 91 114 120 122 163 168
122 201 206 48 226 42 46 58 74 62 72 79 82 83 86 87 89 90 91 114 120
206 168 201 48 226 42 46 58 74 62 72 79 82 83 86 87 89 90 91 114 120
163 168 201 48 226 42 46 58 74 62 72 79 82 83 86 87 89 90 91 114 120
208 205 222 48 28 53 41 43 44 46 58 60 88 93 106 109 119 123 124 142 169
173 205 222 48 28 53 41 43 44 46 58 60 88 93 106 109 119 123 124 142 169
223 205 222 48 28 53 41 43 44 46 58 60 88 93 106 109 119 123 124 142 169
173 223 214 228 28 53 41 43 44 46 58 60 88 93 106 109 119 123 124 142 169
174 223 214 228 28 53 41 43 44 46 58 60 88 93 106 109 119 123 124 142 169
208 174 214 228 28 53 41 43 44 46 58 60 88 93 106 109 119 123 124 142 169
142 173 222 223 228 31 37 42 55 56 92 58 60 88 93 106 109 119 123 124 169
214 173 222 223 228 31 37 42 55 56 92 58 60 88 93 106 109 119 123 124 169
208 174 214 222 223 31 37 42 55 56 92 58 60 88 93 106 109 119 123 124 169
228 174 214 222 223 31 37 42 55 56 92 58 60 88 93 106 109 119 123 124 169
48 31 37 42 55 56 92 58 60 88 93 106 109 119 123 124 142 169 208 173 174
205 31 37 42 55 56 92 58 60 88 93 106 109 119 123 124 142 169 208 173 174
205 222 223 228 41 42 43 55 92 61 65 66 73 76 80 97 111 138 145 148 173
174 222 223 228 41 42 43 55 92 61 65 66 73 76 80 97 111 138 145 148 173
151 222 223 228 41 42 43 55 92 61 65 66 73 76 80 97 111 138 145 148 173
214 53 41 43 55 92 61 65 66 73 76 80 97 111 138 145 148 151 173 174 205
42 53 41 43 55 92 61 65 66 73 76 80 97 111 138 145 148 151 173 174 205
174 205 214 223 53 28 31 37 44 46 48 56 61 65 66 73 76 80 97 111 138
148 205 214 223 53 28 31 37 44 46 48 56 61 65 66 73 76 80 97 111 138
145 151 205 223 53 28 31 37 44 46 48 56 61 65 66 73 76 80 97 111 138
214 151 205 223 53 28 31 37 44 46 48 56 61 65 66 73 76 80 97 111 138
174 173 222 228 28 31 37 44 46 48 56 61 65 66 73 76 80 97 111 138 148
173 151 222 228 28 31 37 44 46 48 56 61 65 66 73 76 80 97 111 138 148
145 151 222 228 28 31 37 44 46 48 56 61 65 66 73 76 80 97 111 138 148
21 181 184 25 33 34 35 38 39 54 72 70 118 80 88 93 106 109 111 119 124
138 208 181 184 33 34 35 38 39 54 72 70 118 80 88 93 106 109 111 119 124
25 208 181 184 33 34 35 38 39 54 72 70 118 80 88 93 106 109 111 119 124
119 124 23 24 26 33 34 35 38 39 54 72 70 118 80 88 93 106 109 111 21
22 124 23 24 26 33 34 35 38 39 54 72 70 118 80 88 93 106 109 111 21
138 208 22 23 24 33 34 35 38 39 54 72 70 118 80 88 93 106 109 111 21
26 208 22 23 24 33 34 35 38 39 54 72 70 118 80 88 93 106 109 111 21
22 23 29 30 36 62 70 118 80 88 93 106 109 111 119 124 138 208 181 184 21
27 23 29 30 36 62 70 118 80 88 93 106 109 111 119 124 138 208 181 184 21
181 184 25 26 27 29 30 36 62 70 118 80 88 93 106 109 111 119 124 138 208
24 184 25 26 27 29 30 36 62 70 118 80 88 93 106 109 111 119 124 138 208
21 24 25 26 27 29 30 36 62 70 118 80 88 93 106 109 111 119 124 138 208
26 184 23 24 25 29 35 36 54 62 72 64 67 73 76 92 97 123 142 145 148
181 184 23 24 25 29 35 36 54 62 72 64 67 73 76 92 97 123 142 145 148
151 184 23 24 25 29 35 36 54 62 72 64 67 73 76 92 97 123 142 145 148
169 184 23 24 25 29 35 36 54 62 72 64 67 73 76 92 97 123 142 145 148
21 22 29 36 54 62 72 64 67 73 76 92 97 123 142 145 148 151 169 181 26
35 22 29 36 54 62 72 64 67 73 76 92 97 123 142 145 148 151 169 181 26
151 184 23 24 27 30 33 34 38 39 64 67 73 76 92 97 123 142 145 148 21
27 181 184 23 24 30 33 34 38 39 64 67 73 76 92 97 123 142 145 148 21
169 181 184 23 24 30 33 34 38 39 64 67 73 76 92 97 123 142 145 148 21
21 22 25 26 27 30 33 34 38 39 64 67 73 76 92 97 123 142 145 148 169
181 22 25 26 27 30 33 34 38 39 64 67 73 76 92 97 123 142 145 148 169
151 22 25 26 27 30 33 34 38 39 64 67 73 76 92 97 123 142 145 148 169
