253
232
0
1
2
3
4
5
6
7
8
9
10
11
12
13
14
15
16
17
18
19
20
21
22 0 1 0.4
23 0 2 0.4008695652173913
24 0 3 0.40173913043478265
25 0 4 0.40260869565217394
26 0 5 0.40347826086956523
27 0 6 0.4043478260869565
28 0 7 0.40521739130434786
29 0 8 0.40608695652173915
30 0 9 0.40695652173913044
31 0 10 0.4078260869565218
32 0 11 0.40869565217391307
33 0 12 0.40956521739130436
34 0 13 0.41043478260869565
35 0 14 0.411304347826087
36 0 15 0.4121739130434783
37 0 16 0.41304347826086957
38 0 17 0.4139130434782609
39 0 18 0.4147826086956522
40 0 19 0.4156521739130435
41 0 20 0.4165217391304348
42 0 21 0.4173913043478261
43 1 2 0.4182608695652174
44 1 3 0.4191304347826087
45 1 4 0.42000000000000004
46 1 5 0.42086956521739133
47 1 6 0.4217391304347826
48 1 7 0.4226086956521739
49 1 8 0.42347826086956525
50 1 9 0.42434782608695654
51 1 10 0.4252173913043478
52 1 11 0.42608695652173917
53 1 12 0.42695652173913046
54 1 13 0.42782608695652175
55 1 14 0.42869565217391303
56 1 15 0.4295652173913044
57 1 16 0.43043478260869567
58 1 17 0.43130434782608695
59 1 18 0.4321739130434783
60 1 19 0.4330434782608696
61 1 20 0.4339130434782609
62 1 21 0.4347826086956522
63 2 3 0.4356521739130435
64 2 4 0.4365217391304348
65 2 5 0.4373913043478261
66 2 6 0.4382608695652174
67 2 7 0.4391304347826087
68 2 8 0.44
69 2 9 0.4408695652173913
70 2 10 0.44173913043478263
71 2 11 0.4426086956521739
72 2 12 0.4434782608695652
73 2 13 0.44434782608695655
74 2 14 0.44521739130434784
75 2 15 0.44608695652173913
76 2 16 0.4469565217391305
77 2 17 0.44782608695652176
78 2 18 0.44869565217391305
79 2 19 0.44956521739130434
80 2 20 0.4504347826086957
81 2 21 0.45130434782608697
82 3 4 0.45217391304347826
83 3 5 0.45304347826086955
84 3 6 0.4539130434782609
85 3 7 0.4547826086956522
86 3 8 0.45565217391304347
87 3 9 0.4565217391304348
88 3 10 0.4573913043478261
89 3 11 0.4582608695652174
90 3 12 0.45913043478260873
91 3 13 0.46
92 3 14 0.4608695652173913
93 3 15 0.4617391304347826
94 3 16 0.46260869565217394
95 3 17 0.46347826086956523
96 3 18 0.4643478260869565
97 3 19 0.4652173913043478
98 3 20 0.46608695652173915
99 3 21 0.46695652173913044
100 4 5 0.4678260869565217
101 4 6 0.46869565217391307
102 4 7 0.46956521739130436
103 4 8 0.47043478260869565
104 4 9 0.471304347826087
105 4 10 0.4721739130434783
106 4 11 0.47304347826086957
107 4 12 0.4739130434782609
108 4 13 0.4747826086956522
109 4 14 0.4756521739130435
110 4 15 0.4765217391304348
111 4 16 0.47739130434782606
112 4 17 0.4782608695652174
113 4 18 0.4791304347826087
114 4 19 0.48
115 4 20 0.4808695652173913
116 4 21 0.4817391304347826
117 5 6 0.4826086956521739
118 5 7 0.48347826086956525
119 5 8 0.48434782608695653
120 5 9 0.4852173913043478
121 5 10 0.48608695652173917
122 5 11 0.48695652173913045
123 5 12 0.48782608695652174
124 5 13 0.48869565217391303
125 5 14 0.4895652173913043
126 5 15 0.49043478260869566
127 5 16 0.49130434782608695
128 5 17 0.49217391304347824
129 5 18 0.4930434782608696
130 5 19 0.49391304347826087
131 5 20 0.49478260869565216
132 5 21 0.4956521739130435
133 6 7 0.4965217391304348
134 6 8 0.4973913043478261
135 6 9 0.4982608695652174
136 6 10 0.4991304347826087
137 6 11 0.5
138 6 12 0.5008695652173913
139 6 13 0.5017391304347826
140 6 14 0.5026086956521739
141 6 15 0.5034782608695653
142 6 16 0.5043478260869565
143 6 17 0.5052173913043478
144 6 18 0.5060869565217392
145 6 19 0.5069565217391304
146 6 20 0.5078260869565218
147 6 21 0.508695652173913
148 7 8 0.5095652173913043
149 7 9 0.5104347826086957
150 7 10 0.5113043478260869
151 7 11 0.5121739130434783
152 7 12 0.5130434782608696
153 7 13 0.5139130434782608
154 7 14 0.5147826086956522
155 7 15 0.5156521739130435
156 7 16 0.5165217391304348
157 7 17 0.5173913043478261
158 7 18 0.5182608695652173
159 7 19 0.5191304347826087
160 7 20 0.52
161 7 21 0.5208695652173914
162 8 9 0.5217391304347826
163 8 10 0.5226086956521739
164 8 11 0.5234782608695652
165 8 12 0.5243478260869565
166 8 13 0.5252173913043479
167 8 14 0.5260869565217391
168 8 15 0.5269565217391304
169 8 16 0.5278260869565217
170 8 17 0.528695652173913
171 8 18 0.5295652173913044
172 8 19 0.5304347826086957
173 8 20 0.5313043478260869
174 8 21 0.5321739130434783
175 9 10 0.5330434782608695
176 9 11 0.5339130434782609
177 9 12 0.5347826086956522
178 9 13 0.5356521739130435
179 9 14 0.5365217391304348
180 9 15 0.5373913043478261
181 9 16 0.5382608695652173
182 9 17 0.5391304347826087
183 9 18 0.54
184 9 19 0.5408695652173913
185 9 20 0.5417391304347826
186 9 21 0.5426086956521738
187 10 11 0.5434782608695652
188 10 12 0.5443478260869565
189 10 13 0.5452173913043479
190 10 14 0.5460869565217391
191 10 15 0.5469565217391305
192 10 16 0.5478260869565217
193 10 17 0.548695652173913
194 10 18 0.5495652173913044
195 10 19 0.5504347826086956
196 10 20 0.551304347826087
197 10 21 0.5521739130434782
198 11 12 0.5530434782608695
199 11 13 0.5539130434782609
200 11 14 0.5547826086956522
201 11 15 0.5556521739130434
202 11 16 0.5565217391304348
203 11 17 0.557391304347826
204 11 18 0.5582608695652174
205 11 19 0.5591304347826087
206 11 20 0.56
207 11 21 0.5608695652173913
208 12 13 0.5617391304347826
209 12 14 0.5626086956521739
210 12 15 0.5634782608695652
211 12 16 0.5643478260869565
212 12 17 0.5652173913043478
213 12 18 0.5660869565217391
214 12 19 0.5669565217391304
215 12 20 0.5678260869565217
216 12 21 0.568695652173913
217 13 14 0.5695652173913044
218 13 15 0.5704347826086956
219 13 16 0.571304347826087
220 13 17 0.5721739130434782
221 13 18 0.5730434782608695
222 13 19 0.5739130434782609
223 13 20 0.5747826086956521
224 13 21 0.5756521739130435
225 14 15 0.5765217391304348
226 14 16 0.577391304347826
227 14 17 0.5782608695652174
228 14 18 0.5791304347826087
229 14 19 0.58
230 14 20 0.5808695652173913
231 14 21 0.5817391304347825
232 15 16 0.5826086956521739
233 15 17 0.5834782608695652
234 15 18 0.5843478260869566
235 15 19 0.5852173913043478
236 15 20 0.5860869565217391
237 15 21 0.5869565217391304
238 16 17 0.5878260869565217
239 16 18 0.5886956521739131
240 16 19 0.5895652173913043
241 16 20 0.5904347826086956
242 16 21 0.5913043478260869
243 17 18 0.5921739130434782
244 17 19 0.5930434782608696
245 17 20 0.5939130434782609
246 17 21 0.5947826086956521
247 18 19 0.5956521739130435
248 18 20 0.5965217391304347
249 18 21 0.5973913043478261
250 19 20 0.5982608695652174
251 19 21 0.5991304347826086
252 20 21 0.6
22 23 24 25 26 27 28 29 30 31 32 33 34 35 36 37 38 39 40 41 42 0
22 43 44 45 46 47 48 49 50 51 52 53 54 55 56 57 58 59 60 61 62 1
23 43 63 64 65 66 67 68 69 70 71 72 73 74 75 76 77 78 79 80 81 2
24 44 63 82 83 84 85 86 87 88 89 90 91 92 93 94 95 96 97 98 99 3
25 45 64 82 100 101 102 103 104 105 106 107 108 109 110 111 112 113 114 115 116 4
26 46 65 83 100 117 118 119 120 121 122 123 124 125 126 127 128 129 130 131 132 5
27 47 66 84 101 117 133 134 135 136 137 138 139 140 141 142 143 144 145 146 147 6
28 48 67 85 102 118 133 148 149 150 151 152 153 154 155 156 157 158 159 160 161 7
29 49 68 86 103 119 134 148 162 163 164 165 166 167 168 169 170 171 172 173 174 8
30 50 69 87 104 120 135 149 162 175 176 177 178 179 180 181 182 183 184 185 186 9
31 51 70 88 105 121 136 150 163 175 187 188 189 190 191 192 193 194 195 196 197 10
32 52 71 89 106 122 137 151 164 176 187 198 199 200 201 202 203 204 205 206 207 11
33 53 72 90 107 123 138 152 165 177 188 198 208 209 210 211 212 213 214 215 216 12
34 54 73 91 108 124 139 153 166 178 189 199 208 217 218 219 220 221 222 223 224 13
35 55 74 92 109 125 140 154 167 179 190 200 209 217 225 226 227 228 229 230 231 14
36 56 75 93 110 126 141 155 168 180 191 201 210 218 225 232 233 234 235 236 237 15
37 57 76 94 111 127 142 156 169 181 192 202 211 219 226 232 238 239 240 241 242 16
38 58 77 95 112 128 143 157 170 182 193 203 212 220 227 233 238 243 244 245 246 17
39 59 78 96 113 129 144 158 171 183 194 204 213 221 228 234 239 243 247 248 249 18
40 60 79 97 114 130 145 159 172 184 195 205 214 222 229 235 240 244 247 250 251 19
41 61 80 98 115 131 146 160 173 185 196 206 215 223 230 236 241 245 248 250 252 20
42 62 81 99 116 132 147 161 174 186 197 207 216 224 231 237 242 246 249 251 252 21
174 231 232 234 240 242 67 69 70 176 71 102 127 149 151 153 154 155 156 157 158 161
183 231 232 234 240 242 67 69 70 176 71 102 127 149 151 153 154 155 156 157 158 161
181 183 232 234 240 242 67 69 70 176 71 102 127 149 151 153 154 155 156 157 158 161
181 184 192 202 240 242 67 69 70 176 71 102 127 149 151 153 154 155 156 157 158 161
231 184 192 202 240 242 67 69 70 176 71 102 127 149 151 153 154 155 156 157 158 161
174 184 192 202 240 242 67 69 70 176 71 102 127 149 151 153 154 155 156 157 158 161
232 174 181 234 239 23 29 32 35 37 64 71 102 127 149 151 153 154 155 156 157 158
161 174 181 234 239 23 29 32 35 37 64 71 102 127 149 151 153 154 155 156 157 158
202 181 232 234 239 23 29 32 35 37 64 71 102 127 149 151 153 154 155 156 157 158
202 183 184 192 231 239 23 29 32 35 37 64 71 102 127 149 151 153 154 155 156 174
157 183 184 192 231 239 23 29 32 35 37 64 71 102 127 149 151 153 154 155 156 174
183 161 184 192 231 239 23 29 32 35 37 64 71 102 127 149 151 153 154 155 156 174
158 161 184 192 231 239 23 29 32 35 37 64 71 102 127 149 151 153 154 155 156 174
183 184 232 234 240 242 23 32 37 70 75 76 78 79 81 85 93 99 104 111 175 36
180 181 184 232 240 242 23 32 37 70 75 76 78 79 81 85 93 99 104 111 175 36
234 181 184 232 240 242 23 32 37 70 75 76 78 79 81 85 93 99 104 111 175 36
180 192 202 231 240 242 23 32 37 70 75 76 78 79 81 85 93 99 104 111 175 36
181 183 192 202 240 242 23 32 37 70 75 76 78 79 81 85 93 99 104 111 175 36
231 183 192 202 240 242 23 32 37 70 75 76 78 79 81 85 93 99 104 111 175 36
181 192 184 202 232 239 29 35 64 67 69 176 75 76 78 79 81 85 93 99 104 175
111 192 184 202 232 239 29 35 64 67 69 176 75 76 78 79 81 85 93 99 104 175
202 36 181 184 232 239 29 35 64 67 69 176 75 76 78 79 81 85 93 99 104 175
180 36 181 184 232 239 29 35 64 67 69 176 75 76 78 79 81 85 93 99 104 175
180 36 231 234 239 29 35 64 67 69 176 75 76 78 79 81 85 93 99 104 111 175
183 36 231 234 239 29 35 64 67 69 176 75 76 78 79 81 85 93 99 104 111 175
192 183 231 234 239 29 35 64 67 69 176 75 76 78 79 81 85 93 99 104 111 175
36 221 246 22 249 24 39 42 48 52 62 56 72 82 129 85 93 99 102 104 154 155
180 218 221 246 249 24 39 42 48 52 62 56 72 82 129 85 93 99 102 104 154 155
22 218 221 246 249 24 39 42 48 52 62 56 72 82 129 85 93 99 102 104 154 155
24 218 186 199 211 224 249 39 42 48 52 62 56 72 82 129 85 93 99 102 104 154
155 218 186 199 211 224 249 39 42 48 52 62 56 72 82 129 85 93 99 102 104 154
199 36 186 211 224 249 24 39 42 48 52 62 56 72 82 129 85 93 99 102 104 154
180 36 186 211 224 249 24 39 42 48 52 62 56 72 82 129 85 93 99 102 104 154
186 199 246 22 28 30 34 38 43 45 56 72 82 129 85 93 99 102 104 154 155 36
180 199 246 22 28 30 34 38 43 45 56 72 82 129 85 93 99 102 104 154 155 36
224 199 246 22 28 30 34 38 43 45 56 72 82 129 85 93 99 102 104 154 155 36
36 211 218 221 28 30 34 38 43 45 56 72 82 129 85 93 99 102 104 154 155 180
186 211 218 221 28 30 34 38 43 45 56 72 82 129 85 93 99 102 104 154 155 180
224 211 218 221 28 30 34 38 43 45 56 72 82 129 85 93 99 102 104 154 155 180
199 211 246 24 22 28 30 34 38 39 42 59 111 127 149 151 153 156 157 158 161 174
175 211 246 24 22 28 30 34 38 39 42 59 111 127 149 151 153 156 157 158 161 174
176 211 246 24 22 28 30 34 38 39 42 59 111 127 149 151 153 156 157 158 161 174
161 175 218 221 224 22 28 30 34 38 39 42 59 111 127 149 151 153 156 157 158 174
186 175 218 221 224 22 28 30 34 38 39 42 59 111 127 149 151 153 156 157 158 174
176 199 186 218 224 22 28 30 34 38 39 42 59 111 127 149 151 153 156 157 158 174
221 199 186 218 224 22 28 30 34 38 39 42 59 111 127 149 151 153 156 157 158 174
221 211 218 24 249 43 45 48 52 62 59 111 127 149 151 153 156 157 158 161 174 175
24 186 211 218 249 43 45 48 52 62 59 111 127 149 151 153 156 157 158 161 174 175
176 186 211 218 249 43 45 48 52 62 59 111 127 149 151 153 156 157 158 161 174 175
249 186 199 224 246 43 45 48 52 62 59 111 127 149 151 153 156 157 158 161 174 175
176 186 199 224 246 43 45 48 52 62 59 111 127 149 151 153 156 157 158 161 174 175
221 199 224 246 249 43 45 48 52 62 59 111 127 149 151 153 156 157 158 161 174 175
150 204 206 248 43 64 67 69 70 122 100 105 106 110 113 115 116 118 126 132 133 147
187 204 206 248 43 64 67 69 70 122 100 105 106 110 113 115 116 118 126 132 133 147
201 204 206 248 43 64 67 69 70 122 100 105 106 110 113 115 116 118 126 132 133 147
201 191 194 196 43 64 67 69 70 122 100 105 106 110 113 115 116 118 126 132 133 150
187 191 194 196 43 64 67 69 70 122 100 105 106 110 113 115 116 118 126 132 133 150
147 191 194 196 43 64 67 69 70 122 100 105 106 110 113 115 116 118 126 132 133 150
133 147 191 194 248 236 45 48 52 56 59 62 100 105 106 110 113 115 116 118 126 132
196 147 191 194 248 236 45 48 52 56 59 62 100 105 106 110 113 115 116 118 126 132
150 187 194 196 248 236 45 48 52 56 59 62 100 105 106 110 113 115 116 118 126 132
191 187 194 196 248 236 45 48 52 56 59 62 100 105 106 110 113 115 116 118 126 132
204 187 201 206 236 45 48 52 56 59 62 100 105 106 110 113 115 116 118 126 132 133
147 187 201 206 236 45 48 52 56 59 62 100 105 106 110 113 115 116 118 126 132 133
150 201 204 206 236 45 48 52 56 59 62 100 105 106 110 113 115 116 118 126 132 133
196 187 201 206 236 248 64 67 70 122 71 72 75 78 79 81 89 107 114 152 159 160
40 187 201 206 236 248 64 67 70 122 71 72 75 78 79 81 89 107 114 152 159 160
204 196 201 206 236 248 64 67 70 122 71 72 75 78 79 81 89 107 114 152 159 160
40 191 194 43 236 248 64 67 70 122 71 72 75 78 79 81 89 107 114 152 159 160
204 191 194 43 236 248 64 67 70 122 71 72 75 78 79 81 89 107 114 152 159 160
187 191 194 43 236 248 64 67 70 122 71 72 75 78 79 81 89 107 114 152 159 160
206 40 194 204 43 45 48 52 56 59 62 69 71 72 75 78 79 81 89 107 114 159
152 40 194 204 43 45 48 52 56 59 62 69 71 72 75 78 79 81 89 107 114 159
160 187 194 204 206 43 48 52 56 59 62 69 71 72 75 78 79 81 89 107 114 159
45 187 194 204 206 43 48 52 56 59 62 69 71 72 75 78 79 81 89 107 114 159
187 191 196 201 45 48 52 56 59 62 69 71 72 75 78 79 81 89 107 114 152 159
160 40 196 201 45 48 52 56 59 62 69 71 72 75 78 79 81 89 107 114 152 159
191 40 196 201 45 48 52 56 59 62 69 71 72 75 78 79 81 89 107 114 152 159
188 195 197 210 213 235 251 252 25 129 76 118 122 126 132 133 147 150 152 159 160 40
247 195 197 210 213 235 251 252 25 129 76 118 122 126 132 133 147 150 152 159 160 40
207 197 210 213 235 247 251 252 25 129 76 118 122 126 132 133 147 150 152 159 160 40
207 198 205 241 235 247 251 252 25 129 76 118 122 126 132 133 147 150 152 159 160 40
205 195 198 241 235 247 251 252 25 129 76 118 122 126 132 133 147 150 152 159 160 40
188 195 198 241 235 247 251 252 25 129 76 118 122 126 132 133 147 150 152 159 160 40
188 197 213 241 216 237 26 27 31 33 76 118 122 126 132 133 147 150 152 159 160 195
40 197 213 241 216 237 26 27 31 33 76 118 122 126 132 133 147 150 152 159 160 195
207 197 213 241 216 237 26 27 31 33 76 118 122 126 132 133 147 150 152 159 160 195
195 198 205 210 216 237 26 27 31 33 76 118 122 126 132 133 147 150 152 159 160 188
40 198 205 210 216 237 26 27 31 33 76 118 122 126 132 133 147 150 152 159 160 188
207 198 205 210 216 237 26 27 31 33 76 118 122 126 132 133 147 150 152 159 160 188
115 116 205 207 210 235 237 25 27 31 33 41 215 42 82 89 100 105 106 107 110 114
198 116 205 207 210 235 237 25 27 31 33 41 215 42 82 89 100 105 106 107 110 114
113 198 205 207 210 235 237 25 27 31 33 41 215 42 82 89 100 105 106 107 110 114
106 110 115 116 188 195 197 213 210 235 237 25 27 31 33 41 215 42 82 89 100 105
113 110 115 116 188 195 197 213 210 235 237 25 27 31 33 41 215 42 82 89 100 105
107 113 115 116 188 195 197 213 210 235 237 25 27 31 33 41 215 42 82 89 100 105
114 188 195 197 213 210 235 237 25 27 31 33 41 215 42 82 89 100 105 106 107 110
114 116 197 207 213 216 241 247 251 252 26 129 41 215 42 82 89 100 105 106 107 113
110 116 197 207 213 216 241 247 251 252 26 129 41 215 42 82 89 100 105 106 107 113
216 188 116 197 207 213 241 247 251 252 26 129 41 215 42 82 89 100 105 106 107 113
115 188 116 197 207 213 241 247 251 252 26 129 41 215 42 82 89 100 105 106 107 113
188 195 198 205 216 241 247 251 252 26 129 41 215 42 82 89 100 105 106 107 110 113
114 115 195 198 205 241 247 251 252 26 129 41 215 42 82 89 100 105 106 107 110 113
216 115 195 198 205 241 247 251 252 26 129 41 215 42 82 89 100 105 106 107 110 113
189 163 178 217 44 46 47 50 53 58 61 63 65 66 68 73 74 77 80 86 91 97
119 163 178 217 44 46 47 50 53 58 61 63 65 66 68 73 74 77 80 86 91 97
178 136 189 217 44 46 47 50 53 58 61 63 65 66 68 73 74 77 80 86 91 97
92 136 189 217 44 46 47 50 53 58 61 63 65 66 68 73 74 77 80 86 91 97
163 130 190 193 46 47 50 53 58 61 63 65 66 68 73 74 77 80 86 91 92 119
136 130 190 193 46 47 50 53 58 61 63 65 66 68 73 74 77 80 86 91 92 119
97 130 190 193 46 47 50 53 58 61 63 65 66 68 73 74 77 80 86 91 92 119
163 130 190 217 222 49 51 54 55 60 65 66 68 73 74 77 80 86 91 92 97 119
189 130 190 217 222 49 51 54 55 60 65 66 68 73 74 77 80 86 91 92 97 119
193 189 190 217 222 49 51 54 55 60 65 66 68 73 74 77 80 86 91 92 97 119
163 136 178 44 222 49 51 54 55 60 65 66 68 73 74 77 80 86 91 92 97 119
130 136 178 44 222 49 51 54 55 60 65 66 68 73 74 77 80 86 91 92 97 119
193 136 178 44 222 49 51 54 55 60 65 66 68 73 74 77 80 86 91 92 97 119
128 178 190 193 217 44 50 53 55 58 83 88 90 101 103 108 109 112 120 121 123 125
189 178 190 193 217 44 50 53 55 58 83 88 90 101 103 108 109 112 120 121 123 125
124 178 190 193 217 44 50 53 55 58 83 88 90 101 103 108 109 112 120 121 123 125
60 189 130 136 217 44 50 53 55 58 83 88 90 101 103 108 109 112 120 121 123 128
124 189 130 136 217 44 50 53 55 58 83 88 90 101 103 108 109 112 120 121 123 128
125 130 136 60 217 44 50 53 55 58 83 88 90 101 103 108 109 112 120 121 123 128
120 128 136 178 193 222 46 47 49 51 54 61 63 83 88 90 101 103 108 109 112 121
189 128 136 178 193 222 46 47 49 51 54 61 63 83 88 90 101 103 108 109 112 121
123 128 136 178 193 222 46 47 49 51 54 61 63 83 88 90 101 103 108 109 112 121
124 128 136 178 193 222 46 47 49 51 54 61 63 83 88 90 101 103 108 109 112 121
121 125 130 190 60 222 46 47 49 51 54 61 63 83 88 90 101 103 108 109 112 189
124 125 130 190 60 222 46 47 49 51 54 61 63 83 88 90 101 103 108 109 112 189
123 125 130 190 60 222 46 47 49 51 54 61 63 83 88 90 101 103 108 109 112 189
120 125 130 190 60 222 46 47 49 51 54 61 63 83 88 90 101 103 108 109 112 189
124 139 162 220 169 170 172 173 179 223 244 229 57 80 101 103 108 109 112 119 120 123
125 134 162 220 169 170 172 173 179 223 244 229 57 80 101 103 108 109 112 119 120 123
139 134 162 220 169 170 172 173 179 223 244 229 57 80 101 103 108 109 112 119 120 123
120 128 138 145 165 169 170 172 173 179 223 244 229 57 80 101 103 108 109 112 119 124
134 128 138 145 165 169 170 172 173 179 223 244 229 57 80 101 103 108 109 112 119 124
123 128 138 145 165 169 170 172 173 179 223 244 229 57 80 101 103 108 109 112 119 124
125 128 138 145 165 169 170 172 173 179 223 244 229 57 80 101 103 108 109 112 119 124
125 128 162 165 220 166 167 177 208 209 212 214 229 57 80 101 103 108 109 112 119 120
138 128 162 165 220 166 167 177 208 209 212 214 229 57 80 101 103 108 109 112 119 120
124 128 162 165 220 166 167 177 208 209 212 214 229 57 80 101 103 108 109 112 119 120
123 128 162 165 220 166 167 177 208 209 212 214 229 57 80 101 103 108 109 112 119 120
124 134 139 145 166 167 177 208 209 212 214 229 57 80 101 103 108 109 112 119 120 123
138 134 139 145 166 167 177 208 209 212 214 229 57 80 101 103 108 109 112 119 120 123
125 134 139 145 166 167 177 208 209 212 214 229 57 80 101 103 108 109 112 119 120 123
138 121 165 166 214 169 170 177 179 212 220 244 250 25 215 87 83 86 88 90 91 97
92 121 165 166 214 169 170 177 179 212 220 244 250 25 215 87 83 86 88 90 91 97
163 139 165 166 214 169 170 177 179 212 220 244 250 25 215 87 83 86 88 90 91 97
138 139 165 166 214 169 170 177 179 212 220 244 250 25 215 87 83 86 88 90 91 97
134 163 145 162 169 170 177 179 212 220 244 250 25 215 87 83 86 88 90 91 92 97
121 163 145 162 169 170 177 179 212 220 244 250 25 215 87 83 86 88 90 91 92 97
139 134 145 162 169 170 177 179 212 220 244 250 25 215 87 83 86 88 90 91 92 97
163 139 145 166 214 167 172 173 208 209 223 250 25 215 87 83 86 88 90 91 92 134
121 139 145 166 214 167 172 173 208 209 223 250 25 215 87 83 86 88 90 91 92 134
145 138 139 166 214 167 172 173 208 209 223 250 25 215 87 83 86 88 90 91 92 134
97 138 139 166 214 167 172 173 208 209 223 250 25 215 87 83 86 88 90 91 92 134
162 165 167 172 173 209 223 250 25 215 87 83 86 88 90 91 92 97 121 163 134 138
208 165 167 172 173 209 223 250 25 215 87 83 86 88 90 91 92 97 121 163 134 138
26 142 23 27 30 28 32 35 37 38 39 77 65 66 68 74 117 131 135 137 140 144
141 142 23 27 30 28 32 35 37 38 39 77 65 66 68 74 117 131 135 137 140 144
146 185 26 27 30 28 32 35 37 38 39 77 65 66 68 74 117 131 135 137 140 144
23 185 26 27 30 28 32 35 37 38 39 77 65 66 68 74 117 131 135 137 140 144
185 226 22 24 28 32 35 37 38 39 77 65 66 68 74 117 131 135 137 140 141 144
146 226 22 24 28 32 35 37 38 39 77 65 66 68 74 117 131 135 137 140 141 144
142 226 22 24 28 32 35 37 38 39 77 65 66 68 74 117 131 135 137 140 141 144
146 226 26 27 29 36 40 41 60 63 65 66 68 74 117 131 135 137 140 141 142 144
185 226 26 27 29 36 40 41 60 63 65 66 68 74 117 131 135 137 140 141 142 144
23 226 26 27 29 36 40 41 60 63 65 66 68 74 117 131 135 137 140 141 142 144
185 22 24 30 29 36 40 41 60 63 65 66 68 74 117 131 135 137 140 141 142 144
146 22 24 30 29 36 40 41 60 63 65 66 68 74 117 131 135 137 140 141 142 144
23 22 24 30 29 36 40 41 60 63 65 66 68 74 117 131 135 137 140 141 142 144
22 226 23 26 28 30 35 39 63 77 87 84 94 95 96 98 143 148 164 168 171 233
185 226 23 26 28 30 35 39 63 77 87 84 94 95 96 98 143 148 164 168 171 233
182 22 23 26 28 30 35 39 63 77 87 84 94 95 96 98 143 148 164 168 171 233
226 24 27 36 28 30 35 39 63 77 87 84 94 95 96 98 143 148 164 168 171 182
233 185 24 27 28 30 35 39 63 77 87 84 94 95 96 98 143 148 164 168 171 182
36 185 24 27 28 30 35 39 63 77 87 84 94 95 96 98 143 148 164 168 171 182
182 185 23 24 36 29 32 37 38 40 41 60 87 84 94 95 96 98 143 148 164 233
171 185 23 24 36 29 32 37 38 40 41 60 87 84 94 95 96 98 143 148 164 233
168 185 23 24 36 29 32 37 38 40 41 60 87 84 94 95 96 98 143 148 164 233
226 185 23 24 36 29 32 37 38 40 41 60 87 84 94 95 96 98 143 148 164 233
182 22 26 27 29 32 37 38 40 41 60 87 84 94 95 96 98 143 148 164 168 171
27 226 22 26 29 32 37 38 40 41 60 87 84 94 95 96 98 143 148 164 168 171
233 226 22 26 29 32 37 38 40 41 60 87 84 94 95 96 98 143 148 164 168 171
227 228 230 245 238 243 31 34 50 51 73 54 55 57 58 61 135 137 140 142 143 144
148 228 230 245 238 243 31 34 50 51 73 54 55 57 58 61 135 137 140 142 143 144
146 228 230 245 238 243 31 34 50 51 73 54 55 57 58 61 135 137 140 142 143 144
143 227 203 219 225 238 243 31 34 50 51 73 54 55 57 58 61 135 137 140 142 144
200 227 203 219 225 238 243 31 34 50 51 73 54 55 57 58 61 135 137 140 142 144
200 148 203 219 225 238 243 31 34 50 51 73 54 55 57 58 61 135 137 140 142 144
146 148 203 219 225 238 243 31 34 50 51 73 54 55 57 58 61 135 137 140 142 144
148 200 203 227 245 33 46 47 49 53 54 55 57 58 61 135 137 140 142 143 144 146
44 200 203 227 245 33 46 47 49 53 54 55 57 58 61 135 137 140 142 143 144 146
225 203 227 245 33 44 46 47 49 53 54 55 57 58 61 135 137 140 142 143 144 146
200 219 228 230 33 44 46 47 49 53 54 55 57 58 61 135 137 140 142 143 144 146
148 219 228 230 33 44 46 47 49 53 54 55 57 58 61 135 137 140 142 143 144 146
225 219 228 230 33 44 46 47 49 53 54 55 57 58 61 135 137 140 142 143 144 146
233 225 227 228 230 243 245 33 44 46 49 53 84 94 95 96 98 117 131 141 164 168
182 225 227 228 230 243 245 33 44 46 49 53 84 94 95 96 98 117 131 141 164 168
33 200 225 227 228 230 243 245 44 46 49 53 84 94 95 96 98 117 131 141 164 168
171 200 225 227 228 230 243 245 44 46 49 53 84 94 95 96 98 117 131 141 164 168
182 203 219 47 243 245 33 44 46 49 53 84 94 95 96 98 117 131 141 164 168 171
200 203 219 47 243 245 33 44 46 49 53 84 94 95 96 98 117 131 141 164 168 171
233 203 219 47 243 245 33 44 46 49 53 84 94 95 96 98 117 131 141 164 168 171
233 203 225 227 47 238 31 34 50 51 73 84 94 95 96 98 117 131 141 164 168 171
228 203 225 227 47 238 31 34 50 51 73 84 94 95 96 98 117 131 141 164 168 171
182 225 227 228 47 238 31 34 50 51 73 84 94 95 96 98 117 131 141 164 168 171
200 225 227 228 47 238 31 34 50 51 73 84 94 95 96 98 117 131 141 164 168 171
219 230 238 34 50 51 73 84 94 95 96 98 117 131 141 164 168 171 182 233 200 203
31 230 238 34 50 51 73 84 94 95 96 98 117 131 141 164 168 171 182 233 200 203
