276
254
0
1
2
3
4
5
6
7
8
9
10
11
12
13
14
15
16
17
18
19
20
21
22
23 0 1 0.41674750270695116
24 0 2 0.5810451576361402
25 0 3 0.5654768731673359
26 0 4 0.5839185477734817
27 0 5 0.40987354851736213
28 0 6 0.5437469426397571
29 0 7 0.42140245491131895
30 0 8 0.49361697665588117
31 0 9 0.507626514026635
32 0 10 0.5154592453994422
33 0 11 0.5796291685876243
34 0 12 0.5453958873147946
35 0 13 0.40183839941103716
36 0 14 0.5929144814033649
37 0 15 0.4144858515722211
38 0 16 0.5619028623840684
39 0 17 0.5999351267190711
40 0 18 0.5974162608292727
41 0 19 0.413798184064602
42 0 20 0.40402524326171924
43 0 21 0.5585213949272217
44 0 22 0.5420229294934786
45 1 2 0.5034861429469921
46 1 3 0.5187429709603305
47 1 4 0.509378019253325
48 1 5 0.5539845374091066
49 1 6 0.5360706901590392
50 1 7 0.47656003832975935
51 1 8 0.4115040621156461
52 1 9 0.5995639751607754
53 1 10 0.45330452012439854
54 1 11 0.5992780033861399
55 1 12 0.5213704761556545
56 1 13 0.5566269128838088
57 1 14 0.5590495840498517
58 1 15 0.4131393982598264
59 1 16 0.41396603361632567
60 1 17 0.5326841867246587
61 1 18 0.5008665102698042
62 1 19 0.4964045618577524
63 1 20 0.47589256644682143
64 1 21 0.5603294800748242
65 1 22 0.4348235727267515
66 2 3 0.44757762476866936
67 2 4 0.5141071417372307
68 2 5 0.561805805032974
69 2 6 0.5408507020958645
70 2 7 0.40077528985171335
71 2 8 0.40420721474695576
72 2 9 0.41009888710625
73 2 10 0.5011597225908426
74 2 11 0.4730962861451317
75 2 12 0.5039881801154935
76 2 13 0.5089369828271378
77 2 14 0.5544891351934762
78 2 15 0.4870981754194466
79 2 16 0.4557227597485153
80 2 17 0.44958698286372173
81 2 18 0.41777764224749925
82 2 19 0.5316123923518048
83 2 20 0.48232464847385476
84 2 21 0.5256295755871534
85 2 22 0.4903361795988509
86 3 4 0.44255606479485876
87 3 5 0.5819504692177144
88 3 6 0.5042468727564096
89 3 7 0.4331048013945886
90 3 8 0.5664864334120694
91 3 9 0.524871842772408
92 3 10 0.4902167139818913
93 3 11 0.5522131812437348
94 3 12 0.5020359372124243
95 3 13 0.43092571811535985
96 3 14 0.45029785765663677
97 3 15 0.4825286631874149
98 3 16 0.5944839935203723
99 3 17 0.5541950435527575
100 3 18 0.5462186247406045
101 3 19 0.4472554631382026
102 3 20 0.5959220559259593
103 3 21 0.45438791750052576
104 3 22 0.5693778578850919
105 4 5 0.47573355527481553
106 4 6 0.45621575683977283
107 4 7 0.5895282522478812
108 4 8 0.5834832478675605
109 4 9 0.5236760317816214
110 4 10 0.5790269699768973
111 4 11 0.5571317726716493
112 4 12 0.5531184110439465
113 4 13 0.5519980580476407
114 4 14 0.45251862168969387
115 4 15 0.4618656500349146
116 4 16 0.5669168087751274
117 4 17 0.471487224958204
118 4 18 0.5637427695560502
119 4 19 0.5847239101700791
120 4 20 0.5247134344415239
121 4 21 0.5477956254215636
122 4 22 0.4639403435846683
123 5 6 0.5597988353057136
124 5 7 0.564179658739379
125 5 8 0.5045738104405202
126 5 9 0.49884759040444765
127 5 10 0.4311243505641307
128 5 11 0.5317357130702389
129 5 12 0.5424429705852
130 5 13 0.5030526668550759
131 5 14 0.5108355832101622
132 5 15 0.5214571869583338
133 5 16 0.4361667349893259
134 5 17 0.4562418363555371
135 5 18 0.543862635114201
136 5 19 0.4356664949114083
137 5 20 0.530926637399611
138 5 21 0.4159440271785383
139 5 22 0.4269695757434448
140 6 7 0.4422950667972513
141 6 8 0.4888088736912225
142 6 9 0.5284770128691715
143 6 10 0.42969352559173873
144 6 11 0.49891094431456995
145 6 12 0.5175878865445738
146 6 13 0.4823386564881279
147 6 14 0.5938447228675873
148 6 15 0.41721025278009694
149 6 16 0.5579606997818163
150 6 17 0.46281835035192126
151 6 18 0.5571041339257194
152 6 19 0.5108401766445001
153 6 20 0.5635026805258678
154 6 21 0.4432894078624618
155 6 22 0.5273694383276679
156 7 8 0.4008367369462752
157 7 9 0.5138320453178421
158 7 10 0.5823378750192002
159 7 11 0.5548187127723403
160 7 12 0.5991973234869958
161 7 13 0.4363856667861495
162 7 14 0.5396215064410864
163 7 15 0.4858038653266461
164 7 16 0.4129775138732481
165 7 17 0.47641065937096905
166 7 18 0.4305375917185013
167 7 19 0.5036413649717034
168 7 20 0.48887837096736586
169 7 21 0.414484095640413
170 7 22 0.5528143248782547
171 8 9 0.44826907480624534
172 8 10 0.43277221449898573
173 8 11 0.48443288016607583
174 8 12 0.47176007081138294
175 8 13 0.4897668131211198
176 8 14 0.5000923724748818
177 8 15 0.5576634235284479
178 8 16 0.5435247209723049
179 8 17 0.4243361570044538
180 8 18 0.49301355596966734
181 8 19 0.5222462225478097
182 8 20 0.5962155727387406
183 8 21 0.49149582164500877
184 8 22 0.47010781185966327
185 9 10 0.4965899196262321
186 9 11 0.49070477771933596
187 9 12 0.5986878586432033
188 9 13 0.5742281592501002
189 9 14 0.4892361682364528
190 9 15 0.44828457286668616
191 9 16 0.5778140436427299
192 9 17 0.56050209289687
193 9 18 0.4025419899109852
194 9 19 0.4047868662660608
195 9 20 0.4437895260378941
196 9 21 0.43798026684312835
197 9 22 0.5529834072710411
198 10 11 0.4190169060362149
199 10 12 0.504036514141159
200 10 13 0.4631803148572358
201 10 14 0.484883535282422
202 10 15 0.48934919994187553
203 10 16 0.5450936257742864
204 10 17 0.5243977663980736
205 10 18 0.484559290416927
206 10 19 0.5210496835160592
207 10 20 0.5927229100295732
208 10 21 0.46887257671190274
209 10 22 0.5954342848546357
210 11 12 0.5763705689824776
211 11 13 0.5220486766152201
212 11 14 0.4750692107764983
213 11 15 0.5438537057270219
214 11 16 0.49662260647928025
215 11 17 0.51458161462803
216 11 18 0.540813199744584
217 11 19 0.44830244790682244
218 11 20 0.5951356400725042
219 11 21 0.43939608541931896
220 11 22 0.49330925734192205
221 12 13 0.559020463051723
222 12 14 0.5748547038144969
223 12 15 0.558086037991454
224 12 16 0.5868075507195321
225 12 17 0.49279477613161
226 12 18 0.45026019716476806
227 12 19 0.44074869889587925
228 12 20 0.5616514748136239
229 12 21 0.531129489665107
230 12 22 0.47026636672489136
231 13 14 0.5142011581488126
232 13 15 0.40228931278824287
233 13 16 0.4773001571857732
234 13 17 0.448923371304073
235 13 18 0.4973438503661896
236 13 19 0.5969829606692619
237 13 20 0.44376045480470006
238 13 21 0.526755670954788
239 13 22 0.5810373531366466
240 14 15 0.5644671178499158
241 14 16 0.43252079029306545
242 14 17 0.49907615457339993
243 14 18 0.495691961563334
244 14 19 0.46963268335026814
245 14 20 0.4891498730584866
246 14 21 0.46043891632010997
247 14 22 0.4577133612930537
248 15 16 0.4533384733517106
249 15 17 0.4049819730486306
250 15 18 0.5709753270843747
251 15 19 0.5477726955752734
252 15 20 0.5356315131936744
253 15 21 0.5179867684907072
254 15 22 0.592134753412682
255 16 17 0.4132188575064542
256 16 18 0.48018281696231174
257 16 19 0.5451648183008007
258 16 20 0.5182310923166364
259 16 21 0.45350563221050577
260 16 22 0.5623902989748069
261 17 18 0.5790541161488894
262 17 19 0.5226952410744709
263 17 20 0.4189751091353292
264 17 21 0.4299589029467612
265 17 22 0.4375801848463481
266 18 19 0.5730156518277494
267 18 20 0.4785786654547842
268 18 21 0.49400414200895437
269 18 22 0.46179245447400225
270 19 20 0.4829364897452395
271 19 21 0.5838909118953709
272 19 22 0.5966597143507343
273 20 21 0.4529698400094355
274 20 22 0.41299651880936666
275 21 22 0.5355534444254257
23 24 25 26 27 28 29 30 31 32 33 34 35 36 37 38 39 40 41 42 43 44 0
23 45 46 47 48 49 50 51 52 53 54 55 56 57 58 59 60 61 62 63 64 65 1
24 45 66 67 68 69 70 71 72 73 74 75 76 77 78 79 80 81 82 83 84 85 2
25 46 66 86 87 88 89 90 91 92 93 94 95 96 97 98 99 100 101 102 103 104 3
26 47 67 86 105 106 107 108 109 110 111 112 113 114 115 116 117 118 119 120 121 122 4
27 48 68 87 105 123 124 125 126 127 128 129 130 131 132 133 134 135 136 137 138 139 5
28 49 69 88 106 123 140 141 142 143 144 145 146 147 148 149 150 151 152 153 154 155 6
29 50 70 89 107 124 140 156 157 158 159 160 161 162 163 164 165 166 167 168 169 170 7
30 51 71 90 108 125 141 156 171 172 173 174 175 176 177 178 179 180 181 182 183 184 8
31 52 72 91 109 126 142 157 171 185 186 187 188 189 190 191 192 193 194 195 196 197 9
32 53 73 92 110 127 143 158 172 185 198 199 200 201 202 203 204 205 206 207 208 209 10
33 54 74 93 111 128 144 159 173 186 198 210 211 212 213 214 215 216 217 218 219 220 11
34 55 75 94 112 129 145 160 174 187 199 210 221 222 223 224 225 226 227 228 229 230 12
35 56 76 95 113 130 146 161 175 188 200 211 221 231 232 233 234 235 236 237 238 239 13
36 57 77 96 114 131 147 162 176 189 201 212 222 231 240 241 242 243 244 245 246 247 14
37 58 78 97 115 132 148 163 177 190 202 213 223 232 240 248 249 250 251 252 253 254 15
38 59 79 98 116 133 149 164 178 191 203 214 224 233 241 248 255 256 257 258 259 260 16
39 60 80 99 117 134 150 165 179 192 204 215 225 234 242 249 255 261 262 263 264 265 17
40 61 81 100 118 135 151 166 180 193 205 216 226 235 243 250 256 261 266 267 268 269 18
41 62 82 101 119 136 152 167 181 194 206 217 227 236 244 251 257 262 266 270 271 272 19
42 63 83 102 120 137 153 168 182 195 207 218 228 237 245 252 258 263 267 270 273 274 20
43 64 84 103 121 138 154 169 183 196 208 219 229 238 246 253 259 264 268 271 273 275 21
44 65 85 104 122 139 155 170 184 197 209 220 230 239 247 254 260 265 269 272 274 275 22
97 194 231 239 23 272 274 26 30 36 39 42 47 44 46 51 52 57 62 65 85 95 181
136 194 231 239 23 272 274 26 30 36 39 42 47 44 46 51 52 57 62 65 85 95 181
101 194 231 239 23 272 274 26 30 36 39 42 47 44 46 51 52 57 62 65 85 95 181
99 194 231 239 23 272 274 26 30 36 39 42 47 44 46 51 52 57 62 65 85 95 181
101 190 240 254 265 272 274 26 30 36 39 42 47 44 46 51 52 57 62 65 85 95 97
181 190 240 254 265 272 274 26 30 36 39 42 47 44 46 51 52 57 62 65 85 95 97
136 190 240 254 265 272 274 26 30 36 39 42 47 44 46 51 52 57 62 65 85 95 97
99 190 240 254 265 272 274 26 30 36 39 42 47 44 46 51 52 57 62 65 85 95 97
190 194 231 240 25 28 29 31 35 37 41 44 46 51 52 57 62 65 85 95 97 99 101
181 194 231 240 25 28 29 31 35 37 41 44 46 51 52 57 62 65 85 95 97 99 101
136 194 231 240 25 28 29 31 35 37 41 44 46 51 52 57 62 65 85 95 97 99 101
181 239 254 265 23 25 28 29 31 35 37 41 44 46 51 52 57 62 65 85 95 97 136
97 99 101 190 239 254 265 23 25 28 29 31 35 37 41 44 46 51 52 57 62 65 95
85 99 101 190 239 254 265 23 25 28 29 31 35 37 41 44 46 51 52 57 62 65 95
136 99 101 190 239 254 265 23 25 28 29 31 35 37 41 44 46 51 52 57 62 65 95
162 231 240 25 30 31 35 36 37 41 42 96 102 106 107 108 109 113 114 115 117 119 120
190 231 240 25 30 31 35 36 37 41 42 96 102 106 107 108 109 113 114 115 117 119 120
176 231 240 25 30 31 35 36 37 41 42 96 102 106 107 108 109 113 114 115 117 119 120
239 190 182 254 265 30 31 35 36 37 41 42 96 102 106 107 108 109 113 114 115 117 119
162 190 182 254 265 30 31 35 36 37 41 42 96 102 106 107 108 109 113 114 115 117 119
176 182 239 254 265 30 31 35 36 37 41 42 96 102 106 107 108 109 113 114 115 117 119
120 182 239 254 265 30 31 35 36 37 41 42 96 102 106 107 108 109 113 114 115 117 119
231 120 190 240 254 272 274 23 26 28 29 39 47 96 102 106 107 108 109 113 114 115 265
117 120 190 240 254 272 274 23 26 28 29 39 47 96 102 106 107 108 109 113 114 115 265
190 162 231 240 254 272 274 23 26 28 29 39 47 96 102 106 107 108 109 113 114 115 265
119 162 231 240 254 272 274 23 26 28 29 39 47 96 102 106 107 108 109 113 114 115 265
117 176 182 239 25 272 274 23 26 28 29 39 47 96 102 106 107 108 109 113 114 115 162
265 176 182 239 25 272 274 23 26 28 29 39 47 96 102 106 107 108 109 113 114 115 162
182 120 176 239 25 272 274 23 26 28 29 39 47 96 102 106 107 108 109 113 114 115 162
119 120 176 239 25 272 274 23 26 28 29 39 47 96 102 106 107 108 109 113 114 115 162
182 192 195 225 24 34 71 55 67 72 88 89 95 106 107 108 113 114 115 120 162 176 181
221 192 195 225 24 34 71 55 67 72 88 89 95 106 107 108 113 114 115 120 162 176 181
188 192 195 225 24 34 71 55 67 72 88 89 95 106 107 108 113 114 115 120 162 176 181
221 189 223 75 24 34 71 55 67 72 88 89 95 106 107 108 113 114 115 120 162 176 181
75 188 189 223 24 34 71 55 67 72 88 89 95 106 107 108 113 114 115 120 162 176 181
182 188 189 223 24 34 71 55 67 72 88 89 95 106 107 108 113 114 115 120 162 176 181
182 221 223 75 227 228 242 244 245 66 77 105 88 89 95 106 107 108 113 114 115 120 181
176 221 223 75 227 228 242 244 245 66 77 105 88 89 95 106 107 108 113 114 115 120 181
162 221 223 75 227 228 242 244 245 66 77 105 88 89 95 106 107 108 113 114 115 120 181
181 188 189 192 195 225 227 228 242 244 245 66 77 105 88 89 95 106 107 108 113 114 120
182 188 189 192 195 225 227 228 242 244 245 66 77 105 88 89 95 106 107 108 113 114 120
120 115 162 176 188 189 192 195 225 227 228 242 244 245 66 77 105 88 89 95 106 107 108
113 114 162 176 188 189 192 195 225 227 228 242 244 245 66 77 105 88 89 95 106 107 108
115 114 162 176 188 189 192 195 225 227 228 242 244 245 66 77 105 88 89 95 106 107 108
221 192 195 225 66 242 244 245 67 72 75 77 86 87 90 91 96 97 99 101 102 109 136
117 192 195 225 66 242 244 245 67 72 75 77 86 87 90 91 96 97 99 101 102 109 136
192 194 195 225 66 242 244 245 67 72 75 77 86 87 90 91 96 97 99 101 102 109 136
119 194 195 225 66 242 244 245 67 72 75 77 86 87 90 91 96 97 99 101 102 109 136
194 188 189 223 242 244 245 67 72 75 77 86 87 90 91 96 97 99 101 102 109 117 119
188 221 189 223 242 244 245 67 72 75 77 86 87 90 91 96 97 99 101 102 109 117 119
136 221 189 223 242 244 245 67 72 75 77 86 87 90 91 96 97 99 101 102 109 117 119
136 188 189 221 223 227 228 24 34 71 55 105 86 87 90 91 96 97 99 101 102 109 119
117 188 189 221 223 227 228 24 34 71 55 105 86 87 90 91 96 97 99 101 102 109 119
194 188 189 221 223 227 228 24 34 71 55 105 86 87 90 91 96 97 99 101 102 109 119
192 188 189 221 223 227 228 24 34 71 55 105 86 87 90 91 96 97 99 101 102 109 119
119 195 225 66 227 228 24 34 71 55 105 86 87 90 91 96 97 99 101 102 109 117 136
194 192 195 66 227 228 24 34 71 55 105 86 87 90 91 96 97 99 101 102 109 117 136
225 192 195 66 227 228 24 34 71 55 105 86 87 90 91 96 97 99 101 102 109 117 136
171 157 174 178 193 222 241 243 246 247 269 275 87 89 90 91 93 94 98 100 103 104 111
156 157 174 178 193 222 241 243 246 247 269 275 87 89 90 91 93 94 98 100 103 104 111
184 171 174 178 193 222 241 243 246 247 269 275 87 89 90 91 93 94 98 100 103 104 111
157 160 170 197 193 222 241 243 246 247 269 275 87 89 90 91 93 94 98 100 103 104 111
160 184 170 197 193 222 241 243 246 247 269 275 87 89 90 91 93 94 98 100 103 104 111
156 184 170 197 193 222 241 243 246 247 269 275 87 89 90 91 93 94 98 100 103 104 111
103 111 157 160 170 186 187 191 224 226 229 230 122 269 275 87 89 90 91 93 94 98 100
197 111 157 160 170 186 187 191 224 226 229 230 122 269 275 87 89 90 91 93 94 98 100
187 171 157 160 170 197 186 191 224 226 229 230 122 269 275 87 89 90 91 93 94 98 100
104 171 157 160 170 197 186 191 224 226 229 230 122 269 275 87 89 90 91 93 94 98 100
156 171 174 178 184 186 187 191 224 226 229 230 122 269 275 87 89 90 91 93 94 98 100
104 171 174 178 184 186 187 191 224 226 229 230 122 269 275 87 89 90 91 93 94 98 100
111 156 174 178 184 186 187 191 224 226 229 230 122 269 275 87 89 90 91 93 94 98 100
103 156 174 178 184 186 187 191 224 226 229 230 122 269 275 87 89 90 91 93 94 98 100
145 157 160 171 178 186 193 226 241 243 247 122 260 92 110 112 116 118 121 125 126 129 155
170 157 160 171 178 186 193 226 241 243 247 122 260 92 110 112 116 118 121 125 126 129 155
160 139 157 171 178 186 193 226 241 243 247 122 260 92 110 112 116 118 121 125 126 129 155
131 139 157 171 178 186 193 226 241 243 247 122 260 92 110 112 116 118 121 125 126 129 155
170 174 184 222 186 193 226 241 243 247 122 260 92 110 112 116 118 121 125 126 129 131 139
184 155 174 222 186 193 226 241 243 247 122 260 92 110 112 116 118 121 125 126 129 131 139
145 155 174 222 186 193 226 241 243 247 122 260 92 110 112 116 118 121 125 126 129 131 139
160 171 174 178 184 187 191 197 224 229 230 246 260 92 110 112 116 118 121 125 126 129 131
131 139 145 155 171 174 178 184 187 191 197 224 229 230 246 260 92 110 112 116 118 121 125
129 139 145 155 171 174 178 184 187 191 197 224 229 230 246 260 92 110 112 116 118 121 125
126 139 145 155 171 174 178 184 187 191 197 224 229 230 246 260 92 110 112 116 118 121 125
191 160 157 170 222 187 197 224 229 230 246 260 92 110 112 116 118 121 125 126 129 131 145
139 160 157 170 222 187 197 224 229 230 246 260 92 110 112 116 118 121 125 126 129 131 145
155 157 170 222 187 191 197 224 229 230 246 260 92 110 112 116 118 121 125 126 129 131 145
121 139 145 210 156 212 27 32 46 47 51 52 55 57 65 72 67 88 105 103 110 111 118
122 139 145 210 156 212 27 32 46 47 51 52 55 57 65 72 67 88 105 103 110 111 118
131 139 145 210 156 212 27 32 46 47 51 52 55 57 65 72 67 88 105 103 110 111 118
125 156 212 27 32 46 47 51 52 55 57 65 72 67 88 105 103 110 111 118 121 122 131
210 155 180 209 220 46 47 51 52 55 57 65 72 67 88 105 103 110 111 118 121 122 125
145 155 180 209 220 46 47 51 52 55 57 65 72 67 88 105 103 110 111 118 121 122 125
155 139 180 209 220 46 47 51 52 55 57 65 72 67 88 105 103 110 111 118 121 122 125
131 139 180 209 220 46 47 51 52 55 57 65 72 67 88 105 103 110 111 118 121 122 125
155 180 209 212 220 33 38 40 43 44 62 66 67 88 105 103 110 111 118 121 122 125 139
145 180 209 212 220 33 38 40 43 44 62 66 67 88 105 103 110 111 118 121 122 125 139
131 180 209 212 220 33 38 40 43 44 62 66 67 88 105 103 110 111 118 121 122 125 139
156 180 209 212 220 33 38 40 43 44 62 66 67 88 105 103 110 111 118 121 122 125 139
156 210 27 32 33 38 40 43 44 62 66 67 88 105 103 110 111 118 121 122 125 131 139
145 155 210 27 33 38 40 43 44 62 66 67 88 105 103 110 111 118 121 122 125 131 139
32 155 210 27 33 38 40 43 44 62 66 67 88 105 103 110 111 118 121 122 125 131 139
220 116 210 212 65 46 47 52 55 57 62 66 75 77 85 86 92 93 94 98 100 104 209
112 116 210 212 65 46 47 52 55 57 62 66 75 77 85 86 92 93 94 98 100 104 209
210 129 212 220 65 46 47 52 55 57 62 66 75 77 85 86 92 93 94 98 100 104 209
126 129 212 220 65 46 47 52 55 57 62 66 75 77 85 86 92 93 94 98 100 104 209
180 209 27 32 46 47 52 55 57 62 66 75 77 85 86 92 93 94 98 100 104 112 126
129 209 27 32 46 47 52 55 57 62 66 75 77 85 86 92 93 94 98 100 104 112 126
116 180 27 32 46 47 52 55 57 62 66 75 77 85 86 92 93 94 98 100 104 112 126
209 210 212 65 33 38 40 43 44 51 72 75 77 85 86 92 93 94 98 100 104 112 126
116 129 210 212 65 38 40 43 44 51 72 75 77 85 86 92 93 94 98 100 104 112 126
33 129 210 212 65 38 40 43 44 51 72 75 77 85 86 92 93 94 98 100 104 112 126
209 180 220 27 32 33 38 40 43 44 51 72 75 77 85 86 92 93 94 98 100 104 112
112 116 126 129 180 220 27 32 33 38 40 43 44 51 72 75 77 85 86 92 93 94 98
104 116 126 129 180 220 27 32 33 38 40 43 44 51 72 75 77 85 86 92 93 94 98
100 116 126 129 180 220 27 32 33 38 40 43 44 51 72 75 77 85 86 92 93 94 98
183 196 200 237 218 219 233 248 256 258 259 268 273 26 146 141 142 147 158 163 164 166 168
196 216 200 237 218 219 233 248 256 258 259 268 273 26 146 141 142 147 158 163 164 166 168
169 216 200 237 218 219 233 248 256 258 259 268 273 26 146 141 142 147 158 163 164 166 168
168 202 203 205 207 218 219 233 248 256 258 259 268 273 26 146 141 142 147 158 163 164 166
166 169 216 183 202 203 205 207 218 219 233 248 256 258 259 268 273 26 146 141 142 147 158
216 164 169 183 202 203 205 207 218 219 233 248 256 258 259 268 273 26 146 141 142 147 158
163 164 169 183 202 203 205 207 218 219 233 248 256 258 259 268 273 26 146 141 142 147 158
183 202 203 207 237 208 235 238 250 252 253 161 268 273 26 146 141 142 147 158 163 164 169
216 202 203 207 237 208 235 238 250 252 253 161 268 273 26 146 141 142 147 158 163 164 169
168 202 203 207 237 208 235 238 250 252 253 161 268 273 26 146 141 142 147 158 163 164 169
166 202 203 207 237 208 235 238 250 252 253 161 268 273 26 146 141 142 147 158 163 164 169
216 196 200 205 208 235 238 250 252 253 161 268 273 26 146 141 142 147 158 163 164 166 169
168 183 196 205 208 235 238 250 252 253 161 268 273 26 146 141 142 147 158 163 164 166 169
200 183 196 205 208 235 238 250 252 253 161 268 273 26 146 141 142 147 158 163 164 166 169
200 196 202 203 205 219 235 238 248 250 256 259 161 267 76 78 79 81 83 84 133 135 173
137 196 202 203 205 219 235 238 248 250 256 259 161 267 76 78 79 81 83 84 133 135 173
138 172 202 203 205 219 235 238 248 250 256 259 161 267 76 78 79 81 83 84 133 135 173
200 172 202 203 205 219 235 238 248 250 256 259 161 267 76 78 79 81 83 84 133 135 173
196 175 177 183 233 219 235 238 248 250 256 259 161 267 76 78 79 81 83 84 133 135 137
172 175 177 183 233 219 235 238 248 250 256 259 161 267 76 78 79 81 83 84 133 135 137
138 173 175 177 183 233 235 238 248 250 256 259 161 267 76 78 79 81 83 84 133 135 137
219 173 175 177 183 233 235 238 248 250 256 259 161 267 76 78 79 81 83 84 133 135 137
173 175 183 202 203 207 208 218 237 252 253 258 267 76 78 79 81 83 84 133 135 137 138
233 175 183 202 203 207 208 218 237 252 253 258 267 76 78 79 81 83 84 133 135 137 138
172 183 202 203 233 207 208 218 237 252 253 258 267 76 78 79 81 83 84 133 135 137 138
177 183 202 203 233 207 208 218 237 252 253 258 267 76 78 79 81 83 84 133 135 137 138
196 173 200 205 207 208 218 237 252 253 258 267 76 78 79 81 83 84 133 135 137 138 175
172 173 200 205 207 208 218 237 252 253 258 267 76 78 79 81 83 84 133 135 137 138 175
177 196 200 205 207 208 218 237 252 253 258 267 76 78 79 81 83 84 133 135 137 138 175
164 168 185 199 48 49 53 54 58 59 60 61 63 69 81 83 133 135 137 141 142 147 166
216 168 185 199 48 49 53 54 58 59 60 61 63 69 81 83 133 135 137 141 142 147 166
201 216 185 199 48 49 53 54 58 59 60 61 63 69 81 83 133 135 137 141 142 147 166
179 201 261 263 264 48 49 53 54 58 59 60 61 63 69 81 83 133 135 137 141 142 164
147 201 261 263 264 48 49 53 54 58 59 60 61 63 69 81 83 133 135 137 141 142 164
166 179 261 263 264 48 49 53 54 58 59 60 61 63 69 81 83 133 135 137 141 142 164
168 179 261 263 264 48 49 53 54 58 59 60 61 63 69 81 83 133 135 137 141 142 164
164 216 179 261 263 30 31 36 71 45 50 56 70 61 63 69 81 83 133 135 137 141 142
199 216 179 261 263 30 31 36 71 45 50 56 70 61 63 69 81 83 133 135 137 141 142
166 216 179 261 263 30 31 36 71 45 50 56 70 61 63 69 81 83 133 135 137 141 142
147 216 179 261 263 30 31 36 71 45 50 56 70 61 63 69 81 83 133 135 137 141 142
166 168 185 201 264 30 31 36 71 45 50 56 70 61 63 69 81 83 133 135 137 141 147
164 168 185 201 264 30 31 36 71 45 50 56 70 61 63 69 81 83 133 135 137 141 147
264 199 168 185 201 30 31 36 71 45 50 56 70 61 63 69 81 83 133 135 137 141 147
142 199 168 185 201 30 31 36 71 45 50 56 70 61 63 69 81 83 133 135 137 141 147
173 179 261 264 49 30 31 36 71 53 59 70 64 68 73 74 84 138 158 161 163 169 172
175 179 261 264 49 30 31 36 71 53 59 70 64 68 73 74 84 138 158 161 163 169 172
177 263 179 264 49 30 31 36 71 53 59 70 64 68 73 74 84 138 158 161 163 169 172
261 263 179 264 49 30 31 36 71 53 59 70 64 68 73 74 84 138 158 161 163 169 172
177 185 199 201 30 31 36 71 53 59 70 64 68 73 74 84 138 158 161 163 169 172 173
175 185 199 201 30 31 36 71 53 59 70 64 68 73 74 84 138 158 161 163 169 172 173
263 185 199 201 30 31 36 71 53 59 70 64 68 73 74 84 138 158 161 163 169 172 173
163 172 175 264 199 201 261 263 45 48 50 54 56 58 60 64 68 73 74 84 138 158 161
173 172 175 264 199 201 261 263 45 48 50 54 56 58 60 64 68 73 74 84 138 158 161
169 173 175 264 199 201 261 263 45 48 50 54 56 58 60 64 68 73 74 84 138 158 161
177 199 201 261 263 45 48 50 54 56 58 60 64 68 73 74 84 138 158 161 163 169 172
48 264 179 185 49 45 50 54 56 58 60 64 68 73 74 84 138 158 161 163 169 172 173
177 264 179 185 49 45 50 54 56 58 60 64 68 73 74 84 138 158 161 163 169 172 173
175 179 185 49 45 48 50 54 56 58 60 64 68 73 74 84 138 158 161 163 169 172 173
165 159 271 167 249 255 257 270 34 45 48 50 53 60 64 79 80 123 124 127 128 130 134
154 159 271 167 249 255 257 270 34 45 48 50 53 60 64 79 80 123 124 127 128 130 134
132 165 271 167 249 255 257 270 34 45 48 50 53 60 64 79 80 123 124 127 128 130 134
217 165 271 167 249 255 257 270 34 45 48 50 53 60 64 79 80 123 124 127 128 130 134
45 154 204 206 214 215 255 257 270 34 48 50 53 60 64 79 80 123 124 127 128 130 134
132 154 204 206 214 215 255 257 270 34 48 50 53 60 64 79 80 123 124 127 128 130 134
159 204 206 214 215 255 257 270 34 45 48 50 53 60 64 79 80 123 124 127 128 130 134
217 204 206 214 215 255 257 270 34 45 48 50 53 60 64 79 80 123 124 127 128 130 134
159 165 204 215 249 234 251 262 23 49 54 82 60 64 79 80 123 124 127 128 130 132 134
167 165 204 215 249 234 251 262 23 49 54 82 60 64 79 80 123 124 127 128 130 132 134
154 271 167 215 249 234 251 262 23 49 54 82 60 64 79 80 123 124 127 128 130 132 134
204 271 167 215 249 234 251 262 23 49 54 82 60 64 79 80 123 124 127 128 130 132 134
159 206 214 217 234 251 262 23 49 54 82 60 64 79 80 123 124 127 128 130 132 134 154
165 271 214 217 234 251 262 23 49 54 82 60 64 79 80 123 124 127 128 130 132 134 154
206 271 214 217 234 251 262 23 49 54 82 60 64 79 80 123 124 127 128 130 132 134 154
151 152 167 234 270 249 255 262 45 48 50 82 56 58 59 61 63 140 143 144 148 149 150
206 152 167 234 270 249 255 262 45 48 50 82 56 58 59 61 63 140 143 144 148 149 150
153 167 206 234 270 249 255 262 45 48 50 82 56 58 59 61 63 140 143 144 148 149 150
204 167 206 234 270 249 255 262 45 48 50 82 56 58 59 61 63 140 143 144 148 149 150
204 214 215 217 249 255 262 45 48 50 82 56 58 59 61 63 140 143 144 148 149 150 151
217 153 214 215 249 255 262 45 48 50 82 56 58 59 61 63 140 143 144 148 149 150 151
152 153 214 215 249 255 262 45 48 50 82 56 58 59 61 63 140 143 144 148 149 150 151
152 167 206 270 251 257 23 34 49 53 54 56 58 59 61 63 140 143 144 148 149 150 151
204 167 206 270 251 257 23 34 49 53 54 56 58 59 61 63 140 143 144 148 149 150 151
153 204 206 270 251 257 23 34 49 53 54 56 58 59 61 63 140 143 144 148 149 150 151
150 152 215 217 234 251 257 23 34 49 53 54 56 58 59 61 63 140 143 144 148 149 151
214 152 215 217 234 251 257 23 34 49 53 54 56 58 59 61 63 140 143 144 148 149 151
167 214 215 217 234 251 257 23 34 49 53 54 56 58 59 61 63 140 143 144 148 149 151
153 214 215 217 234 251 257 23 34 49 53 54 56 58 59 61 63 140 143 144 148 149 151
149 211 236 266 27 35 37 39 41 43 80 68 69 70 73 82 123 124 127 128 130 140 159
143 211 236 266 27 35 37 39 41 43 80 68 69 70 73 82 123 124 127 128 130 140 159
198 211 236 266 27 35 37 39 41 43 80 68 69 70 73 82 123 124 127 128 130 140 159
140 159 232 24 28 27 35 37 39 41 43 80 68 69 70 73 82 123 124 127 128 130 149
213 159 232 24 28 27 35 37 39 41 43 80 68 69 70 73 82 123 124 127 128 130 149
143 198 232 24 28 27 35 37 39 41 43 80 68 69 70 73 82 123 124 127 128 130 149
213 198 232 24 28 27 35 37 39 41 43 80 68 69 70 73 82 123 124 127 128 130 149
159 198 211 24 25 29 32 33 38 40 42 68 69 70 73 82 123 124 127 128 130 140 143
28 198 211 24 25 29 32 33 38 40 42 68 69 70 73 82 123 124 127 128 130 140 143
149 211 24 28 25 29 32 33 38 40 42 68 69 70 73 82 123 124 127 128 130 140 143
159 213 232 236 266 25 29 32 33 38 40 42 68 69 70 73 82 123 124 127 128 130 143
198 213 232 236 266 25 29 32 33 38 40 42 68 69 70 73 82 123 124 127 128 130 143
140 213 232 236 266 25 29 32 33 38 40 42 68 69 70 73 82 123 124 127 128 130 143
149 213 232 236 266 25 29 32 33 38 40 42 68 69 70 73 82 123 124 127 128 130 143
144 132 134 165 198 211 213 232 236 32 24 27 28 29 33 35 37 39 40 41 43 74 76
134 146 132 165 198 211 213 232 236 32 24 27 28 29 33 35 37 39 40 41 43 74 76
78 146 132 165 198 211 213 232 236 32 24 27 28 29 33 35 37 39 40 41 43 74 76
32 78 148 150 151 198 211 213 232 236 24 27 28 29 33 35 37 39 40 41 43 74 146
76 78 148 150 151 198 211 213 232 236 24 27 28 29 33 35 37 39 40 41 43 74 146
144 148 150 151 198 211 213 232 236 32 24 27 28 29 33 35 37 39 40 41 43 74 146
132 134 151 165 152 153 154 271 266 24 27 28 29 33 35 37 39 40 41 43 74 76 78
144 134 151 165 152 153 154 271 266 24 27 28 29 33 35 37 39 40 41 43 74 76 78
146 134 151 165 152 153 154 271 266 24 27 28 29 33 35 37 39 40 41 43 74 76 78
148 150 152 153 154 266 24 27 28 29 33 35 37 39 40 41 43 74 76 78 146 132 144
271 150 152 153 154 266 24 27 28 29 33 35 37 39 40 41 43 74 76 78 146 132 144
38 266 25 42 80 74 76 78 146 132 134 144 148 150 151 152 153 154 165 271 198 211 213
236 266 25 42 80 74 76 78 146 132 134 144 148 150 151 152 153 154 165 271 198 211 213
232 32 38 42 80 74 76 78 146 132 134 144 148 150 151 152 153 154 165 271 198 211 213
25 32 38 42 80 74 76 78 146 132 134 144 148 150 151 152 153 154 165 271 198 211 213
