300
277
0
1
2
3
4
5
6
7
8
9
10
11
12
13
14
15
16
17
18
19
20
21
22
23
24 0 1 0.4
25 0 2 0.40072727272727277
26 0 3 0.40145454545454545
27 0 4 0.4021818181818182
28 0 5 0.40290909090909094
29 0 6 0.4036363636363637
30 0 7 0.40436363636363637
31 0 8 0.4050909090909091
32 0 9 0.40581818181818186
33 0 10 0.40654545454545454
34 0 11 0.4072727272727273
35 0 12 0.40800000000000003
36 0 13 0.4087272727272728
37 0 14 0.40945454545454546
38 0 15 0.4101818181818182
39 0 16 0.41090909090909095
40 0 17 0.41163636363636363
41 0 18 0.4123636363636364
42 0 19 0.4130909090909091
43 0 20 0.41381818181818186
44 0 21 0.41454545454545455
45 0 22 0.4152727272727273
46 0 23 0.41600000000000004
47 1 2 0.4167272727272727
48 1 3 0.41745454545454547
49 1 4 0.4181818181818182
50 1 5 0.41890909090909095
51 1 6 0.41963636363636364
52 1 7 0.4203636363636364
53 1 8 0.4210909090909091
54 1 9 0.4218181818181818
55 1 10 0.42254545454545456
56 1 11 0.4232727272727273
57 1 12 0.42400000000000004
58 1 13 0.42472727272727273
59 1 14 0.4254545454545455
60 1 15 0.4261818181818182
61 1 16 0.4269090909090909
62 1 17 0.42763636363636365
63 1 18 0.4283636363636364
64 1 19 0.4290909090909091
65 1 20 0.4298181818181818
66 1 21 0.43054545454545456
67 1 22 0.4312727272727273
68 1 23 0.432
69 2 3 0.43272727272727274
70 2 4 0.4334545454545455
71 2 5 0.4341818181818182
72 2 6 0.4349090909090909
73 2 7 0.43563636363636365
74 2 8 0.4363636363636364
75 2 9 0.4370909090909091
76 2 10 0.43781818181818183
77 2 11 0.43854545454545457
78 2 12 0.43927272727272726
79 2 13 0.44
80 2 14 0.44072727272727275
81 2 15 0.4414545454545455
82 2 16 0.4421818181818182
83 2 17 0.4429090909090909
84 2 18 0.44363636363636366
85 2 19 0.4443636363636364
86 2 20 0.4450909090909091
87 2 21 0.44581818181818184
88 2 22 0.4465454545454546
89 2 23 0.44727272727272727
90 3 4 0.448
91 3 5 0.44872727272727275
92 3 6 0.44945454545454544
93 3 7 0.4501818181818182
94 3 8 0.4509090909090909
95 3 9 0.45163636363636367
96 3 10 0.45236363636363636
97 3 11 0.4530909090909091
98 3 12 0.45381818181818184
99 3 13 0.4545454545454546
100 3 14 0.4552727272727273
101 3 15 0.456
102 3 16 0.45672727272727276
103 3 17 0.45745454545454545
104 3 18 0.4581818181818182
105 3 19 0.45890909090909093
106 3 20 0.4596363636363636
107 3 21 0.46036363636363636
108 3 22 0.4610909090909091
109 3 23 0.46181818181818185
110 4 5 0.46254545454545454
111 4 6 0.4632727272727273
112 4 7 0.464
113 4 8 0.46472727272727277
114 4 9 0.46545454545454545
115 4 10 0.4661818181818182
116 4 11 0.46690909090909094
117 4 12 0.46763636363636363
118 4 13 0.46836363636363637
119 4 14 0.4690909090909091
120 4 15 0.4698181818181818
121 4 16 0.47054545454545454
122 4 17 0.4712727272727273
123 4 18 0.472
124 4 19 0.4727272727272727
125 4 20 0.47345454545454546
126 4 21 0.4741818181818182
127 4 22 0.47490909090909095
128 4 23 0.47563636363636363
129 5 6 0.4763636363636364
130 5 7 0.4770909090909091
131 5 8 0.4778181818181818
132 5 9 0.47854545454545455
133 5 10 0.4792727272727273
134 5 11 0.48
135 5 12 0.4807272727272727
136 5 13 0.48145454545454547
137 5 14 0.48218181818181816
138 5 15 0.4829090909090909
139 5 16 0.48363636363636364
140 5 17 0.4843636363636364
141 5 18 0.48509090909090913
142 5 19 0.4858181818181818
143 5 20 0.48654545454545456
144 5 21 0.4872727272727273
145 5 22 0.488
146 5 23 0.48872727272727273
147 6 7 0.4894545454545455
148 6 8 0.49018181818181816
149 6 9 0.4909090909090909
150 6 10 0.49163636363636365
151 6 11 0.49236363636363634
152 6 12 0.4930909090909091
153 6 13 0.4938181818181818
154 6 14 0.49454545454545457
155 6 15 0.4952727272727273
156 6 16 0.496
157 6 17 0.49672727272727274
158 6 18 0.4974545454545455
159 6 19 0.49818181818181817
160 6 20 0.4989090909090909
161 6 21 0.49963636363636366
162 6 22 0.5003636363636363
163 6 23 0.501090909090909
164 7 8 0.5018181818181818
165 7 9 0.5025454545454545
166 7 10 0.5032727272727273
167 7 11 0.504
168 7 12 0.5047272727272727
169 7 13 0.5054545454545455
170 7 14 0.5061818181818182
171 7 15 0.5069090909090909
172 7 16 0.5076363636363637
173 7 17 0.5083636363636364
174 7 18 0.509090909090909
175 7 19 0.5098181818181818
176 7 20 0.5105454545454545
177 7 21 0.5112727272727273
178 7 22 0.512
179 7 23 0.5127272727272727
180 8 9 0.5134545454545455
181 8 10 0.5141818181818182
182 8 11 0.5149090909090909
183 8 12 0.5156363636363637
184 8 13 0.5163636363636364
185 8 14 0.517090909090909
186 8 15 0.5178181818181818
187 8 16 0.5185454545454545
188 8 17 0.5192727272727273
189 8 18 0.52
190 8 19 0.5207272727272727
191 8 20 0.5214545454545454
192 8 21 0.5221818181818182
193 8 22 0.5229090909090909
194 8 23 0.5236363636363637
195 9 10 0.5243636363636364
196 9 11 0.525090909090909
197 9 12 0.5258181818181819
198 9 13 0.5265454545454545
199 9 14 0.5272727272727273
200 9 15 0.528
201 9 16 0.5287272727272727
202 9 17 0.5294545454545454
203 9 18 0.5301818181818182
204 9 19 0.5309090909090909
205 9 20 0.5316363636363637
206 9 21 0.5323636363636364
207 9 22 0.5330909090909091
208 9 23 0.5338181818181817
209 10 11 0.5345454545454545
210 10 12 0.5352727272727272
211 10 13 0.536
212 10 14 0.5367272727272727
213 10 15 0.5374545454545454
214 10 16 0.5381818181818182
215 10 17 0.5389090909090909
216 10 18 0.5396363636363637
217 10 19 0.5403636363636364
218 10 20 0.5410909090909091
219 10 21 0.5418181818181818
220 10 22 0.5425454545454546
221 10 23 0.5432727272727272
222 11 12 0.544
223 11 13 0.5447272727272727
224 11 14 0.5454545454545454
225 11 15 0.5461818181818182
226 11 16 0.5469090909090909
227 11 17 0.5476363636363636
228 11 18 0.5483636363636364
229 11 19 0.5490909090909091
230 11 20 0.5498181818181818
231 11 21 0.5505454545454546
232 11 22 0.5512727272727272
233 11 23 0.552
234 12 13 0.5527272727272727
235 12 14 0.5534545454545454
236 12 15 0.5541818181818181
237 12 16 0.5549090909090909
238 12 17 0.5556363636363636
239 12 18 0.5563636363636364
240 12 19 0.5570909090909091
241 12 20 0.5578181818181818
242 12 21 0.5585454545454546
243 12 22 0.5592727272727273
244 12 23 0.56
245 13 14 0.5607272727272727
246 13 15 0.5614545454545454
247 13 16 0.5621818181818181
248 13 17 0.5629090909090909
249 13 18 0.5636363636363636
250 13 19 0.5643636363636364
251 13 20 0.5650909090909091
252 13 21 0.5658181818181818
253 13 22 0.5665454545454546
254 13 23 0.5672727272727273
255 14 15 0.568
256 14 16 0.5687272727272727
257 14 17 0.5694545454545454
258 14 18 0.5701818181818181
259 14 19 0.5709090909090909
260 14 20 0.5716363636363636
261 14 21 0.5723636363636364
262 14 22 0.5730909090909091
263 14 23 0.5738181818181818
264 15 16 0.5745454545454545
265 15 17 0.5752727272727273
266 15 18 0.576
267 15 19 0.5767272727272728
268 15 20 0.5774545454545454
269 15 21 0.5781818181818181
270 15 22 0.5789090909090909
271 15 23 0.5796363636363636
272 16 17 0.5803636363636364
273 16 18 0.5810909090909091
274 16 19 0.5818181818181818
275 16 20 0.5825454545454545
276 16 21 0.5832727272727273
277 16 22 0.584
278 16 23 0.5847272727272728
279 17 18 0.5854545454545454
280 17 19 0.5861818181818181
281 17 20 0.5869090909090908
282 17 21 0.5876363636363636
283 17 22 0.5883636363636363
284 17 23 0.5890909090909091
285 18 19 0.5898181818181818
286 18 20 0.5905454545454545
287 18 21 0.5912727272727273
288 18 22 0.592
289 18 23 0.5927272727272728
290 19 20 0.5934545454545455
291 19 21 0.5941818181818181
292 19 22 0.5949090909090908
293 19 23 0.5956363636363636
294 20 21 0.5963636363636363
295 20 22 0.5970909090909091
296 20 23 0.5978181818181818
297 21 22 0.5985454545454545
298 21 23 0.5992727272727273
299 22 23 0.6
24 25 26 27 28 29 30 31 32 33 34 35 36 37 38 39 40 41 42 43 44 45 46 0
24 47 48 49 50 51 52 53 54 55 56 57 58 59 60 61 62 63 64 65 66 67 68 1
25 47 69 70 71 72 73 74 75 76 77 78 79 80 81 82 83 84 85 86 87 88 89 2
26 48 69 90 91 92 93 94 95 96 97 98 99 100 101 102 103 104 105 106 107 108 109 3
27 49 70 90 110 111 112 113 114 115 116 117 118 119 120 121 122 123 124 125 126 127 128 4
28 50 71 91 110 129 130 131 132 133 134 135 136 137 138 139 140 141 142 143 144 145 146 5
29 51 72 92 111 129 147 148 149 150 151 152 153 154 155 156 157 158 159 160 161 162 163 6
30 52 73 93 112 130 147 164 165 166 167 168 169 170 171 172 173 174 175 176 177 178 179 7
31 53 74 94 113 131 148 164 180 181 182 183 184 185 186 187 188 189 190 191 192 193 194 8
32 54 75 95 114 132 149 165 180 195 196 197 198 199 200 201 202 203 204 205 206 207 208 9
33 55 76 96 115 133 150 166 181 195 209 210 211 212 213 214 215 216 217 218 219 220 221 10
34 56 77 97 116 134 151 167 182 196 209 222 223 224 225 226 227 228 229 230 231 232 233 11
35 57 78 98 117 135 152 168 183 197 210 222 234 235 236 237 238 239 240 241 242 243 244 12
36 58 79 99 118 136 153 169 184 198 211 223 234 245 246 247 248 249 250 251 252 253 254 13
37 59 80 100 119 137 154 170 185 199 212 224 235 245 255 256 257 258 259 260 261 262 263 14
38 60 81 101 120 138 155 171 186 200 213 225 236 246 255 264 265 266 267 268 269 270 271 15
39 61 82 102 121 139 156 172 187 201 214 226 237 247 256 264 272 273 274 275 276 277 278 16
40 62 83 103 122 140 157 173 188 202 215 227 238 248 257 265 272 279 280 281 282 283 284 17
41 63 84 104 123 141 158 174 189 203 216 228 239 249 258 266 273 279 285 286 287 288 289 18
42 64 85 105 124 142 159 175 190 204 217 229 240 250 259 267 274 280 285 290 291 292 293 19
43 65 86 106 125 143 160 176 191 205 218 230 241 251 260 268 275 281 286 290 294 295 296 20
44 66 87 107 126 144 161 177 192 206 219 231 242 252 261 269 276 282 287 291 294 297 298 21
45 67 88 108 127 145 162 178 193 207 220 232 243 253 262 270 277 283 288 292 295 297 299 22
46 68 89 109 128 146 163 179 194 208 221 233 244 254 263 271 278 284 289 293 296 298 299 23
155 209 213 221 264 265 267 268 271 280 292 293 296 39 115 120 122 124 125 127 128 148 151 160
157 209 213 221 264 265 267 268 271 280 292 293 296 39 115 120 122 124 125 127 128 148 151 160
159 217 213 221 264 265 267 268 271 280 292 293 296 39 115 120 122 124 125 127 128 148 151 160
209 217 213 221 264 265 267 268 271 280 292 293 296 39 115 120 122 124 125 127 128 148 151 160
157 160 163 200 208 265 267 268 271 280 292 293 296 39 115 120 122 124 125 127 128 148 151 217
196 160 163 200 208 265 267 268 271 280 292 293 296 39 115 120 122 124 125 127 128 148 151 217
163 159 196 200 208 265 267 268 271 280 292 293 296 39 115 120 122 124 125 127 128 148 151 217
155 159 196 200 208 265 267 268 271 280 292 293 296 39 115 120 122 124 125 127 128 148 151 217
128 151 157 159 196 208 209 213 264 233 262 278 281 284 295 299 77 39 115 120 122 124 125 127
148 155 151 159 196 208 209 213 264 233 262 278 281 284 295 299 77 39 115 120 122 124 125 127
157 155 151 159 196 208 209 213 264 233 262 278 281 284 295 299 77 39 115 120 122 124 125 127
200 196 208 209 213 264 233 262 278 281 284 295 299 77 39 115 120 122 124 125 127 128 148 155
160 196 208 209 213 264 233 262 278 281 284 295 299 77 39 115 120 122 124 125 127 128 148 155
157 163 217 221 233 262 278 281 284 295 299 77 39 115 120 122 124 125 127 128 148 151 155 159
160 163 217 221 233 262 278 281 284 295 299 77 39 115 120 122 124 125 127 128 148 151 155 159
200 163 217 221 233 262 278 281 284 295 299 77 39 115 120 122 124 125 127 128 148 151 155 159
146 200 208 265 233 267 268 271 280 293 296 77 143 81 85 89 112 113 188 131 134 138 140 142
209 200 208 265 233 267 268 271 280 293 296 77 143 81 85 89 112 113 188 131 134 138 140 142
178 200 208 265 233 267 268 271 280 293 296 77 143 81 85 89 112 113 188 131 134 138 140 142
181 178 193 213 217 221 233 267 268 271 280 293 296 77 143 81 85 89 112 113 188 131 134 209
142 178 193 213 217 221 233 267 268 271 280 293 296 77 143 81 85 89 112 113 188 131 134 209
131 138 140 146 181 193 213 217 221 233 267 268 271 280 293 296 77 143 81 85 89 112 113 188
134 209 138 140 146 193 213 217 221 233 267 268 271 280 293 296 77 143 81 85 89 112 113 188
181 209 138 140 146 193 213 217 221 233 267 268 271 280 293 296 77 143 81 85 89 112 113 188
188 140 142 181 209 213 217 221 265 262 264 278 281 284 292 295 299 143 81 85 89 112 113 131
134 140 142 181 209 213 217 221 265 262 264 278 281 284 292 295 299 143 81 85 89 112 113 131
138 140 142 181 209 213 217 221 265 262 264 278 281 284 292 295 299 143 81 85 89 112 113 131
146 209 213 217 221 265 262 264 278 281 284 292 295 299 143 81 85 89 112 113 188 131 134 138
178 209 213 217 221 265 262 264 278 281 284 292 295 299 143 81 85 89 112 113 188 131 134 138
146 193 200 208 262 264 278 281 284 292 295 299 143 81 85 89 112 113 188 131 134 138 140 142
200 181 193 208 262 264 278 281 284 292 295 299 143 81 85 89 112 113 188 131 134 138 140 142
178 181 193 208 262 264 278 281 284 292 295 299 143 81 85 89 112 113 188 131 134 138 140 142
127 134 138 140 160 225 227 236 270 283 28 29 32 35 40 45 46 65 110 116 120 122 124 125
178 134 138 140 160 225 227 236 270 283 28 29 32 35 40 45 46 65 110 116 120 122 124 125
128 138 140 160 178 225 227 236 270 283 28 29 32 35 40 45 46 65 110 116 120 122 124 125
196 178 225 227 236 270 283 28 29 32 35 40 45 46 65 110 116 120 122 124 125 127 128 134
142 178 225 227 236 270 283 28 29 32 35 40 45 46 65 110 116 120 122 124 125 127 128 134
196 222 229 232 283 28 29 32 35 40 45 46 65 110 116 120 122 124 125 127 128 134 138 140
142 222 229 232 283 28 29 32 35 40 45 46 65 110 116 120 122 124 125 127 128 134 138 140
160 222 229 232 283 28 29 32 35 40 45 46 65 110 116 120 122 124 125 127 128 134 138 140
142 178 196 227 229 244 253 33 49 53 56 60 146 65 110 116 120 122 124 125 127 128 134 222
138 178 196 227 229 244 253 33 49 53 56 60 146 65 110 116 120 122 124 125 127 128 134 222
140 178 196 227 229 244 253 33 49 53 56 60 146 65 110 116 120 122 124 125 127 128 134 222
160 178 196 227 229 244 253 33 49 53 56 60 146 65 110 116 120 122 124 125 127 128 134 222
140 225 232 236 270 244 253 33 49 53 56 60 146 65 110 116 120 122 124 125 127 128 134 160
222 225 232 236 270 244 253 33 49 53 56 60 146 65 110 116 120 122 124 125 127 128 134 160
244 142 225 232 236 270 253 33 49 53 56 60 146 65 110 116 120 122 124 125 127 128 134 160
138 142 225 232 236 270 253 33 49 53 56 60 146 65 110 116 120 122 124 125 127 128 134 160
232 163 181 227 229 253 28 29 33 35 40 46 146 64 68 94 97 101 105 109 131 148 151 157
159 163 181 227 229 253 28 29 33 35 40 46 146 64 68 94 97 101 105 109 131 148 151 157
33 193 181 227 229 232 253 28 29 35 40 46 146 64 68 94 97 101 105 109 131 148 151 157
155 193 181 227 229 232 253 28 29 35 40 46 146 64 68 94 97 101 105 109 131 148 151 157
193 222 225 236 45 253 28 29 33 35 40 46 146 64 68 94 97 101 105 109 131 148 151 159
131 155 157 163 222 225 236 45 253 28 29 33 35 40 46 146 64 68 94 97 101 105 109 148
159 155 157 163 222 225 236 45 253 28 29 33 35 40 46 146 64 68 94 97 101 105 109 148
151 155 157 163 222 225 236 45 253 28 29 33 35 40 46 146 64 68 94 97 101 105 109 148
159 163 193 236 45 244 270 283 32 49 53 56 60 64 68 94 97 101 105 109 131 148 151 157
229 163 193 236 45 244 270 283 32 49 53 56 60 64 68 94 97 101 105 109 131 148 151 157
155 225 229 236 45 244 270 283 32 49 53 56 60 64 68 94 97 101 105 109 131 148 151 157
193 225 229 236 45 244 270 283 32 49 53 56 60 64 68 94 97 101 105 109 131 148 151 157
163 225 181 222 227 232 244 270 32 49 53 56 60 64 68 94 97 101 105 109 131 148 151 157
283 225 181 222 227 232 244 270 32 49 53 56 60 64 68 94 97 101 105 109 131 148 151 157
232 159 181 222 227 244 270 283 32 49 53 56 60 64 68 94 97 101 105 109 131 148 151 157
155 159 181 222 227 244 270 283 32 49 53 56 60 64 68 94 97 101 105 109 131 148 151 157
126 184 190 250 191 252 254 290 266 289 26 31 36 37 41 105 42 46 94 97 109 188 118 119
186 184 190 250 191 252 254 290 266 289 26 31 36 37 41 105 42 46 94 97 109 188 118 119
154 184 190 250 191 252 254 290 266 289 26 31 36 37 41 105 42 46 94 97 109 188 118 119
182 191 252 254 290 266 289 26 31 36 37 41 105 42 46 94 97 109 188 118 119 126 154 186
126 184 190 250 194 228 248 263 266 289 26 31 36 37 41 105 42 46 94 97 109 188 118 119
182 184 190 250 194 228 248 263 266 289 26 31 36 37 41 105 42 46 94 97 109 188 118 119
154 184 190 250 194 228 248 263 266 289 26 31 36 37 41 105 42 46 94 97 109 188 118 119
186 194 228 248 263 266 289 26 31 36 37 41 105 42 46 94 97 109 188 118 119 126 154 182
184 190 191 248 250 282 291 298 24 27 30 34 38 42 46 94 97 109 188 118 119 126 154 182
290 190 191 248 250 282 291 298 24 27 30 34 38 42 46 94 97 109 188 118 119 126 154 182
186 194 248 250 290 282 291 298 24 27 30 34 38 42 46 94 97 109 188 118 119 126 154 182
191 194 248 250 290 282 291 298 24 27 30 34 38 42 46 94 97 109 188 118 119 126 154 182
184 228 252 254 263 282 291 298 24 27 30 34 38 42 46 94 97 109 188 118 119 126 154 190
154 190 186 194 228 252 254 263 282 291 298 24 27 30 34 38 42 46 94 97 109 188 118 119
182 190 186 194 228 252 254 263 282 291 298 24 27 30 34 38 42 46 94 97 109 188 118 119
126 182 186 194 228 252 254 263 282 291 298 24 27 30 34 38 42 46 94 97 109 188 118 119
185 228 250 263 27 282 298 24 26 30 31 36 105 43 44 101 164 167 169 170 171 173 175 176
248 228 250 263 27 282 298 24 26 30 31 36 105 43 44 101 164 167 169 170 171 173 175 176
177 179 250 263 27 282 298 24 26 30 31 36 105 43 44 101 164 167 169 170 171 173 175 176
228 179 250 263 27 282 298 24 26 30 31 36 105 43 44 101 164 167 169 170 171 173 175 176
185 192 245 252 254 282 298 24 26 30 31 36 105 43 44 101 164 167 169 170 171 173 175 177
248 192 245 252 254 282 298 24 26 30 31 36 105 43 44 101 164 167 169 170 171 173 175 177
176 192 245 252 254 282 298 24 26 30 31 36 105 43 44 101 164 167 169 170 171 173 175 177
179 192 245 252 254 282 298 24 26 30 31 36 105 43 44 101 164 167 169 170 171 173 175 177
179 192 228 27 266 289 290 291 34 37 38 41 43 44 101 164 167 169 170 171 173 175 176 177
245 192 228 27 266 289 290 291 34 37 38 41 43 44 101 164 167 169 170 171 173 175 176 177
185 192 228 27 266 289 290 291 34 37 38 41 43 44 101 164 167 169 170 171 173 175 176 177
179 248 250 252 254 263 266 289 290 291 34 37 38 41 43 44 101 164 167 169 170 171 173 175
177 248 250 252 254 263 266 289 290 291 34 37 38 41 43 44 101 164 167 169 170 171 173 175
173 175 176 245 248 250 252 254 263 266 289 290 291 34 37 38 41 43 44 101 164 167 169 170
185 175 176 245 248 250 252 254 263 266 289 290 291 34 37 38 41 43 44 101 164 167 169 170
171 176 185 245 248 250 252 254 263 266 289 290 291 34 37 38 41 43 44 101 164 167 169 170
175 191 223 230 246 251 297 25 49 53 56 60 64 65 68 110 115 116 154 167 170 171 173 182
176 191 223 230 246 251 297 25 49 53 56 60 64 65 68 110 115 116 154 167 170 171 173 182
171 179 185 194 191 223 230 246 251 297 25 49 53 56 60 64 65 68 110 115 116 154 167 182
170 179 185 194 191 223 230 246 251 297 25 49 53 56 60 64 65 68 110 115 116 154 167 182
173 179 185 194 191 223 230 246 251 297 25 49 53 56 60 64 65 68 110 115 116 154 167 182
179 224 231 255 259 297 25 49 53 56 60 64 65 68 110 115 116 154 167 170 171 173 175 176
194 224 231 255 259 297 25 49 53 56 60 64 65 68 110 115 116 154 167 170 171 173 175 176
182 185 231 255 259 297 25 49 53 56 60 64 65 68 110 115 116 154 167 170 171 173 175 176
224 185 231 255 259 297 25 49 53 56 60 64 65 68 110 115 116 154 167 170 171 173 175 176
191 223 230 251 257 260 261 269 294 164 110 115 116 154 167 170 171 173 175 176 179 182 185 194
231 223 230 251 257 260 261 269 294 164 110 115 116 154 167 170 171 173 175 176 179 182 185 194
224 230 231 251 257 260 261 269 294 164 110 115 116 154 167 170 171 173 175 176 179 182 185 194
223 224 246 259 257 260 261 269 294 164 110 115 116 154 167 170 171 173 175 176 179 182 185 194
255 224 246 259 257 260 261 269 294 164 110 115 116 154 167 170 171 173 175 176 179 182 185 194
191 246 255 259 257 260 261 269 294 164 110 115 116 154 167 170 171 173 175 176 179 182 185 194
184 186 192 230 245 223 224 231 255 257 259 260 261 269 294 77 81 85 89 112 113 118 119 126
177 186 192 230 245 223 224 231 255 257 259 260 261 269 294 77 81 85 89 112 113 118 119 126
169 186 192 230 245 223 224 231 255 257 259 260 261 269 294 77 81 85 89 112 113 118 119 126
190 245 223 224 231 255 257 259 260 261 269 294 77 81 85 89 112 113 118 119 126 169 177 184
251 230 246 297 255 257 259 260 261 269 294 77 81 85 89 112 113 118 119 126 169 177 184 186
190 230 246 297 255 257 259 260 261 269 294 77 81 85 89 112 113 118 119 126 169 177 184 186
192 246 251 297 255 257 259 260 261 269 294 77 81 85 89 112 113 118 119 126 169 177 184 186
169 184 186 223 190 192 224 230 231 25 49 53 56 60 64 65 68 164 77 81 85 89 112 113
118 119 184 223 190 192 224 230 231 25 49 53 56 60 64 65 68 164 77 81 85 89 112 113
186 119 184 223 190 192 224 230 231 25 49 53 56 60 64 65 68 164 77 81 85 89 112 113
177 190 192 224 230 231 25 49 53 56 60 64 65 68 164 77 81 85 89 112 113 118 119 169
126 190 192 224 230 231 25 49 53 56 60 64 65 68 164 77 81 85 89 112 113 118 119 169
184 186 245 251 297 25 49 53 56 60 64 65 68 164 77 81 85 89 112 113 118 119 126 177
246 186 245 251 297 25 49 53 56 60 64 65 68 164 77 81 85 89 112 113 118 119 126 177
223 245 246 251 297 25 49 53 56 60 64 65 68 164 77 81 85 89 112 113 118 119 126 177
169 245 246 251 297 25 49 53 56 60 64 65 68 164 77 81 85 89 112 113 118 119 126 177
107 166 242 272 24 39 47 48 55 57 58 59 62 66 80 83 87 91 92 93 95 99 100 103
135 144 242 272 24 39 47 48 55 57 58 59 62 66 80 83 87 91 92 93 95 99 100 103
166 144 242 272 24 39 47 48 55 57 58 59 62 66 80 83 87 91 92 93 95 99 100 103
103 161 199 206 219 24 39 47 48 55 57 58 59 62 66 80 83 87 91 92 93 95 99 107
100 161 199 206 219 24 39 47 48 55 57 58 59 62 66 80 83 87 91 92 93 95 99 107
135 161 199 206 219 24 39 47 48 55 57 58 59 62 66 80 83 87 91 92 93 95 99 107
144 161 199 206 219 24 39 47 48 55 57 58 59 62 66 80 83 87 91 92 93 95 99 107
99 166 219 242 272 256 276 45 50 51 52 54 75 59 62 66 80 83 87 91 92 93 95 100
135 166 219 242 272 256 276 45 50 51 52 54 75 59 62 66 80 83 87 91 92 93 95 100
103 107 166 219 242 256 276 45 50 51 52 54 75 59 62 66 80 83 87 91 92 93 95 100
272 107 166 219 242 256 276 45 50 51 52 54 75 59 62 66 80 83 87 91 92 93 95 100
92 100 103 107 144 161 199 206 256 276 45 50 51 52 54 75 59 62 66 80 83 87 91 93
99 100 103 107 144 161 199 206 256 276 45 50 51 52 54 75 59 62 66 80 83 87 91 93
95 100 103 107 144 161 199 206 256 276 45 50 51 52 54 75 59 62 66 80 83 87 91 93
135 144 161 199 206 256 276 45 50 51 52 54 75 59 62 66 80 83 87 91 92 93 95 99
161 144 147 199 51 256 24 39 45 48 52 54 55 61 67 70 73 79 76 90 96 111 114 129
130 144 147 199 51 256 24 39 45 48 52 54 55 61 67 70 73 79 76 90 96 111 114 129
132 147 161 199 51 256 24 39 45 48 52 54 55 61 67 70 73 79 76 90 96 111 114 129
117 147 161 199 51 256 24 39 45 48 52 54 55 61 67 70 73 79 76 90 96 111 114 129
166 144 133 206 219 256 24 39 45 48 52 54 55 61 67 70 73 79 76 90 96 111 114 117
129 144 133 206 219 256 24 39 45 48 52 54 55 61 67 70 73 79 76 90 96 111 114 117
130 133 166 206 219 256 24 39 45 48 52 54 55 61 67 70 73 79 76 90 96 111 114 117
132 133 166 206 219 256 24 39 45 48 52 54 55 61 67 70 73 79 76 90 96 111 114 117
130 166 147 161 51 242 272 276 47 50 57 58 75 61 67 70 73 79 76 90 96 111 114 117
199 166 147 161 51 242 272 276 47 50 57 58 75 61 67 70 73 79 76 90 96 111 114 117
132 147 161 199 51 242 272 276 47 50 57 58 75 61 67 70 73 79 76 90 96 111 114 117
129 147 161 199 51 242 272 276 47 50 57 58 75 61 67 70 73 79 76 90 96 111 114 117
166 133 144 206 219 242 272 276 47 50 57 58 75 61 67 70 73 79 76 90 96 111 114 130
132 133 144 206 219 242 272 276 47 50 57 58 75 61 67 70 73 79 76 90 96 111 114 130
117 133 144 206 219 242 272 276 47 50 57 58 75 61 67 70 73 79 76 90 96 111 114 130
129 133 144 206 219 242 272 276 47 50 57 58 75 61 67 70 73 79 76 90 96 111 114 130
136 132 150 211 212 235 25 26 27 30 31 32 36 41 71 72 74 76 80 83 87 90 111 114
117 132 150 211 212 235 25 26 27 30 31 32 36 41 71 72 74 76 80 83 87 90 111 114
133 136 150 211 212 235 25 26 27 30 31 32 36 41 71 72 74 76 80 83 87 90 111 114
129 136 150 211 212 235 25 26 27 30 31 32 36 41 71 72 74 76 80 83 87 90 111 114
114 132 135 202 279 235 25 26 27 30 31 32 36 41 71 72 74 76 80 83 87 90 111 117
137 132 135 202 279 235 25 26 27 30 31 32 36 41 71 72 74 76 80 83 87 90 111 117
129 135 137 202 279 235 25 26 27 30 31 32 36 41 71 72 74 76 80 83 87 90 111 117
133 135 137 202 279 235 25 26 27 30 31 32 36 41 71 72 74 76 80 83 87 90 111 117
135 132 137 150 212 215 238 287 28 29 33 35 44 41 71 72 74 76 80 83 87 90 111 117
114 132 137 150 212 215 238 287 28 29 33 35 44 41 71 72 74 76 80 83 87 90 111 117
133 135 137 150 212 215 238 287 28 29 33 35 44 41 71 72 74 76 80 83 87 90 111 117
129 135 137 150 212 215 238 287 28 29 33 35 44 41 71 72 74 76 80 83 87 90 111 117
136 117 202 211 279 215 238 287 28 29 33 35 44 41 71 72 74 76 80 83 87 90 111 129
114 117 202 211 279 215 238 287 28 29 33 35 44 41 71 72 74 76 80 83 87 90 111 129
211 133 136 202 279 215 238 287 28 29 33 35 44 41 71 72 74 76 80 83 87 90 111 129
132 133 136 202 279 215 238 287 28 29 33 35 44 41 71 72 74 76 80 83 87 90 111 129
99 137 150 211 212 235 238 25 26 28 29 35 44 37 38 40 63 69 91 92 93 95 96 103
147 137 150 211 212 235 238 25 26 28 29 35 44 37 38 40 63 69 91 92 93 95 96 103
107 137 150 211 212 235 238 25 26 28 29 35 44 37 38 40 63 69 91 92 93 95 96 103
100 137 150 211 212 235 238 25 26 28 29 35 44 37 38 40 63 69 91 92 93 95 96 103
107 147 130 136 27 235 238 25 26 28 29 35 44 37 38 40 63 69 91 92 93 95 96 100
202 147 130 136 27 235 238 25 26 28 29 35 44 37 38 40 63 69 91 92 93 95 96 100
103 130 136 202 27 235 238 25 26 28 29 35 44 37 38 40 63 69 91 92 93 95 96 100
99 130 136 202 27 235 238 25 26 28 29 35 44 37 38 40 63 69 91 92 93 95 96 100
136 107 130 150 202 215 279 287 30 31 32 33 36 37 38 40 63 69 91 92 93 95 96 100
99 107 130 150 202 215 279 287 30 31 32 33 36 37 38 40 63 69 91 92 93 95 96 100
103 130 136 150 202 215 279 287 30 31 32 33 36 37 38 40 63 69 91 92 93 95 96 100
137 130 136 150 202 215 279 287 30 31 32 33 36 37 38 40 63 69 91 92 93 95 96 100
107 147 211 212 27 215 279 287 30 31 32 33 36 37 38 40 63 69 91 92 93 95 96 99
96 100 103 137 147 211 212 27 215 279 287 30 31 32 33 36 37 38 40 63 69 91 92 93
95 99 103 137 147 211 212 27 215 279 287 30 31 32 33 36 37 38 40 63 69 91 92 93
100 99 103 137 147 211 212 27 215 279 287 30 31 32 33 36 37 38 40 63 69 91 92 93
156 162 168 172 204 214 218 258 50 54 57 59 61 69 72 73 79 78 82 84 86 106 149 158
153 162 168 172 204 214 218 258 50 54 57 59 61 69 72 73 79 78 82 84 86 106 149 158
152 210 168 172 204 214 218 258 50 54 57 59 61 69 72 73 79 78 82 84 86 106 149 158
162 210 168 172 204 214 218 258 50 54 57 59 61 69 72 73 79 78 82 84 86 106 149 158
174 158 165 195 55 214 218 258 50 54 57 59 61 69 72 73 79 78 82 84 86 106 149 156
153 158 165 195 55 214 218 258 50 54 57 59 61 69 72 73 79 78 82 84 86 106 149 156
165 210 174 195 55 214 218 258 50 54 57 59 61 69 72 73 79 78 82 84 86 106 149 156
152 210 174 195 55 214 218 258 50 54 57 59 61 69 72 73 79 78 82 84 86 106 149 156
86 106 153 158 165 168 172 174 216 220 240 47 48 51 52 58 69 72 73 79 78 82 84 149
156 106 153 158 165 168 172 174 216 220 240 47 48 51 52 58 69 72 73 79 78 82 84 149
152 153 156 158 165 168 172 174 216 220 240 47 48 51 52 58 69 72 73 79 78 82 84 149
162 165 168 172 174 216 220 240 47 48 51 52 58 69 72 73 79 78 82 84 86 106 149 152
152 195 204 210 55 216 220 240 47 48 51 52 58 69 72 73 79 78 82 84 86 106 149 156
158 195 204 210 55 216 220 240 47 48 51 52 58 69 72 73 79 78 82 84 86 106 149 156
153 195 204 210 55 216 220 240 47 48 51 52 58 69 72 73 79 78 82 84 86 106 149 156
162 195 204 210 55 216 220 240 47 48 51 52 58 69 72 73 79 78 82 84 86 106 149 156
172 168 174 210 214 218 240 258 50 52 57 59 61 63 67 70 71 88 98 102 104 108 121 139
145 168 174 210 214 218 240 258 50 52 57 59 61 63 67 70 71 88 98 102 104 108 121 139
123 141 174 210 214 218 240 258 50 52 57 59 61 63 67 70 71 88 98 102 104 108 121 139
168 141 174 210 214 218 240 258 50 52 57 59 61 63 67 70 71 88 98 102 104 108 121 139
108 139 141 145 274 195 204 54 218 240 258 50 52 57 59 61 63 67 70 71 88 98 102 104
121 123 139 145 274 195 204 54 218 240 258 50 52 57 59 61 63 67 70 71 88 98 102 104
141 123 139 145 274 195 204 54 218 240 258 50 52 57 59 61 63 67 70 71 88 98 102 104
172 274 195 204 54 218 240 258 50 52 57 59 61 63 67 70 71 88 98 102 104 108 121 123
141 145 195 214 54 216 220 47 48 51 55 58 63 67 70 71 88 98 102 104 108 121 123 139
204 145 195 214 54 216 220 47 48 51 55 58 63 67 70 71 88 98 102 104 108 121 123 139
274 195 204 214 54 216 220 47 48 51 55 58 63 67 70 71 88 98 102 104 108 121 123 139
168 195 204 214 54 216 220 47 48 51 55 58 63 67 70 71 88 98 102 104 108 121 123 139
274 172 174 210 216 220 47 48 51 55 58 63 67 70 71 88 98 102 104 108 121 123 139 141
174 168 172 210 216 220 47 48 51 55 58 63 67 70 71 88 98 102 104 108 121 123 139 141
145 168 172 210 216 220 47 48 51 55 58 63 67 70 71 88 98 102 104 108 121 123 139 141
145 153 156 158 162 165 197 207 201 203 234 237 239 241 273 275 286 143 75 78 84 86 139 141
149 152 153 156 162 165 197 207 201 203 234 237 239 241 273 275 286 143 75 78 84 86 139 141
158 152 153 156 162 165 197 207 201 203 234 237 239 241 273 275 286 143 75 78 84 86 139 141
187 162 165 197 207 201 203 234 237 239 241 273 275 286 143 75 78 84 86 139 141 145 149 152
158 180 183 189 198 201 203 234 237 239 241 273 275 286 143 75 78 84 86 139 141 145 149 187
153 180 183 189 198 201 203 234 237 239 241 273 275 286 143 75 78 84 86 139 141 145 149 187
152 156 180 183 189 201 203 234 237 239 241 273 275 286 143 75 78 84 86 139 141 145 149 187
198 156 180 183 189 201 203 234 237 239 241 273 275 286 143 75 78 84 86 139 141 145 149 187
180 189 162 183 187 205 226 243 247 249 277 285 82 286 143 75 78 84 86 139 141 145 149 152
156 189 162 183 187 205 226 243 247 249 277 285 82 286 143 75 78 84 86 139 141 145 149 152
158 162 180 183 187 205 226 243 247 249 277 285 82 286 143 75 78 84 86 139 141 145 149 152
153 162 180 183 187 205 226 243 247 249 277 285 82 286 143 75 78 84 86 139 141 145 149 152
205 158 165 197 198 207 226 243 247 249 277 285 82 286 143 75 78 84 86 139 141 145 149 156
153 158 165 197 198 207 226 243 247 249 277 285 82 286 143 75 78 84 86 139 141 145 149 156
189 165 197 198 207 205 226 243 247 249 277 285 82 286 143 75 78 84 86 139 141 145 149 156
152 165 197 198 207 205 226 243 247 249 277 285 82 286 143 75 78 84 86 139 141 145 149 156
274 180 189 198 226 234 237 239 241 243 247 249 277 288 34 42 43 62 66 74 88 98 102 108
121 180 189 198 226 234 237 239 241 243 247 249 277 288 34 42 43 62 66 74 88 98 102 108
274 106 189 198 226 234 237 239 241 243 247 249 277 288 34 42 43 62 66 74 88 98 102 108
104 106 189 198 226 234 237 239 241 243 247 249 277 288 34 42 43 62 66 74 88 98 102 108
121 123 183 187 197 234 237 239 241 243 247 249 277 288 34 42 43 62 66 74 88 98 102 108
102 104 106 180 123 183 187 197 234 237 239 241 243 247 249 277 288 34 42 43 62 66 74 88
104 108 106 180 123 183 187 197 234 237 239 241 243 247 249 277 288 34 42 43 62 66 74 88
98 108 106 180 123 183 187 197 234 237 239 241 243 247 249 277 288 34 42 43 62 66 74 88
106 183 197 226 201 203 205 207 273 275 285 82 288 34 42 43 62 66 74 88 98 102 104 108
121 123 183 197 201 203 205 207 273 275 285 82 288 34 42 43 62 66 74 88 98 102 104 108
226 123 183 197 201 203 205 207 273 275 285 82 288 34 42 43 62 66 74 88 98 102 104 108
121 123 274 180 187 198 201 203 205 207 273 275 285 82 288 34 42 43 62 66 74 88 98 102
189 123 274 180 187 198 201 203 205 207 273 275 285 82 288 34 42 43 62 66 74 88 98 102
102 104 106 108 274 180 187 189 198 201 203 205 207 273 275 285 82 288 34 42 43 62 66 74
88 104 106 108 274 180 187 189 198 201 203 205 207 273 275 285 82 288 34 42 43 62 66 74
98 104 106 108 274 180 187 189 198 201 203 205 207 273 275 285 82 288 34 42 43 62 66 74
