325
301
0
1
2
3
4
5
6
7
8
9
10
11
12
13
14
15
16
17
18
19
20
21
22
23
24
25 0 1 0.4
26 0 2 0.4006688963210703
27 0 3 0.4013377926421405
28 0 4 0.40200668896321073
29 0 5 0.40267558528428093
30 0 6 0.4033444816053512
31 0 7 0.40401337792642145
32 0 8 0.40468227424749165
33 0 9 0.4053511705685619
34 0 10 0.4060200668896321
35 0 11 0.40668896321070236
36 0 12 0.4073578595317726
37 0 13 0.4080267558528428
38 0 14 0.40869565217391307
39 0 15 0.40936454849498327
40 0 16 0.4100334448160535
41 0 17 0.4107023411371238
42 0 18 0.411371237458194
43 0 19 0.41204013377926424
44 0 20 0.41270903010033444
45 0 21 0.4133779264214047
46 0 22 0.41404682274247495
47 0 23 0.41471571906354515
48 0 24 0.4153846153846154
49 1 2 0.4160535117056856
50 1 3 0.41672240802675586
51 1 4 0.4173913043478261
52 1 5 0.4180602006688963
53 1 6 0.4187290969899666
54 1 7 0.41939799331103683
55 1 8 0.42006688963210703
56 1 9 0.4207357859531773
57 1 10 0.4214046822742475
58 1 11 0.42207357859531774
59 1 12 0.422742474916388
60 1 13 0.4234113712374582
61 1 14 0.42408026755852846
62 1 15 0.42474916387959866
63 1 16 0.4254180602006689
64 1 17 0.42608695652173917
65 1 18 0.42675585284280937
66 1 19 0.4274247491638796
67 1 20 0.4280936454849498
68 1 21 0.4287625418060201
69 1 22 0.42943143812709034
70 1 23 0.43010033444816054
71 1 24 0.4307692307692308
72 2 3 0.43143812709030105
73 2 4 0.43210702341137125
74 2 5 0.4327759197324415
75 2 6 0.4334448160535117
76 2 7 0.43411371237458196
77 2 8 0.4347826086956522
78 2 9 0.4354515050167224
79 2 10 0.4361204013377927
80 2 11 0.4367892976588629
81 2 12 0.43745819397993313
82 2 13 0.4381270903010034
83 2 14 0.4387959866220736
84 2 15 0.43946488294314384
85 2 16 0.44013377926421404
86 2 17 0.4408026755852843
87 2 18 0.44147157190635455
88 2 19 0.44214046822742475
89 2 20 0.442809364548495
90 2 21 0.4434782608695652
91 2 22 0.44414715719063547
92 2 23 0.4448160535117057
93 2 24 0.4454849498327759
94 3 4 0.4461538461538462
95 3 5 0.4468227424749164
96 3 6 0.44749163879598663
97 3 7 0.4481605351170569
98 3 8 0.4488294314381271
99 3 9 0.44949832775919735
100 3 10 0.45016722408026755
101 3 11 0.4508361204013378
102 3 12 0.45150501672240806
103 3 13 0.45217391304347826
104 3 14 0.4528428093645485
105 3 15 0.4535117056856187
106 3 16 0.45418060200668897
107 3 17 0.4548494983277592
108 3 18 0.45551839464882943
109 3 19 0.4561872909698997
110 3 20 0.4568561872909699
111 3 21 0.45752508361204014
112 3 22 0.4581939799331104
113 3 23 0.4588628762541806
114 3 24 0.45953177257525085
115 4 5 0.46020066889632105
116 4 6 0.4608695652173913
117 4 7 0.46153846153846156
118 4 8 0.46220735785953176
119 4 9 0.462876254180602
120 4 10 0.4635451505016722
121 4 11 0.4642140468227425
122 4 12 0.46488294314381273
123 4 13 0.46555183946488293
124 4 14 0.4662207357859532
125 4 15 0.4668896321070234
126 4 16 0.46755852842809364
127 4 17 0.4682274247491639
128 4 18 0.4688963210702341
129 4 19 0.46956521739130436
130 4 20 0.47023411371237456
131 4 21 0.4709030100334448
132 4 22 0.47157190635451507
133 4 23 0.4722408026755853
134 4 24 0.4729096989966555
135 5 6 0.4735785953177257
136 5 7 0.474247491638796
137 5 8 0.47491638795986624
138 5 9 0.4755852842809365
139 5 10 0.4762541806020067
140 5 11 0.47692307692307695
141 5 12 0.47759197324414715
142 5 13 0.4782608695652174
143 5 14 0.47892976588628766
144 5 15 0.47959866220735786
145 5 16 0.4802675585284281
146 5 17 0.4809364548494983
147 5 18 0.4816053511705686
148 5 19 0.48227424749163883
149 5 20 0.48294314381270903
150 5 21 0.4836120401337793
151 5 22 0.4842809364548495
152 5 23 0.48494983277591974
153 5 24 0.48561872909699
154 6 7 0.4862876254180602
155 6 8 0.48695652173913045
156 6 9 0.48762541806020065
157 6 10 0.4882943143812709
158 6 11 0.48896321070234117
159 6 12 0.48963210702341137
160 6 13 0.4903010033444816
161 6 14 0.4909698996655518
162 6 15 0.4916387959866221
163 6 16 0.49230769230769234
164 6 17 0.49297658862876254
165 6 18 0.4936454849498328
166 6 19 0.494314381270903
167 6 20 0.49498327759197325
168 6 21 0.4956521739130435
169 6 22 0.4963210702341137
170 6 23 0.49698996655518396
171 6 24 0.49765886287625416
172 7 8 0.4983277591973244
173 7 9 0.49899665551839467
174 7 10 0.49966555183946487
175 7 11 0.5003344481605351
176 7 12 0.5010033444816053
177 7 13 0.5016722408026756
178 7 14 0.5023411371237458
179 7 15 0.5030100334448161
180 7 16 0.5036789297658862
181 7 17 0.5043478260869565
182 7 18 0.5050167224080268
183 7 19 0.505685618729097
184 7 20 0.5063545150501673
185 7 21 0.5070234113712375
186 7 22 0.5076923076923077
187 7 23 0.5083612040133779
188 7 24 0.5090301003344482
189 8 9 0.5096989966555184
190 8 10 0.5103678929765887
191 8 11 0.5110367892976588
192 8 12 0.5117056856187291
193 8 13 0.5123745819397993
194 8 14 0.5130434782608696
195 8 15 0.5137123745819399
196 8 16 0.51438127090301
197 8 17 0.5150501672240803
198 8 18 0.5157190635451505
199 8 19 0.5163879598662208
200 8 20 0.517056856187291
201 8 21 0.5177257525083612
202 8 22 0.5183946488294314
203 8 23 0.5190635451505017
204 8 24 0.5197324414715719
205 9 10 0.5204013377926422
206 9 11 0.5210702341137123
207 9 12 0.5217391304347826
208 9 13 0.5224080267558529
209 9 14 0.5230769230769231
210 9 15 0.5237458193979934
211 9 16 0.5244147157190635
212 9 17 0.5250836120401338
213 9 18 0.525752508361204
214 9 19 0.5264214046822743
215 9 20 0.5270903010033445
216 9 21 0.5277591973244147
217 9 22 0.5284280936454849
218 9 23 0.5290969899665552
219 9 24 0.5297658862876254
220 10 11 0.5304347826086957
221 10 12 0.5311036789297658
222 10 13 0.5317725752508361
223 10 14 0.5324414715719064
224 10 15 0.5331103678929766
225 10 16 0.5337792642140469
226 10 17 0.534448160535117
227 10 18 0.5351170568561873
228 10 19 0.5357859531772575
229 10 20 0.5364548494983278
230 10 21 0.537123745819398
231 10 22 0.5377926421404682
232 10 23 0.5384615384615384
233 10 24 0.5391304347826087
234 11 12 0.539799331103679
235 11 13 0.5404682274247492
236 11 14 0.5411371237458193
237 11 15 0.5418060200668896
238 11 16 0.5424749163879599
239 11 17 0.5431438127090301
240 11 18 0.5438127090301004
241 11 19 0.5444816053511705
242 11 20 0.5451505016722408
243 11 21 0.545819397993311
244 11 22 0.5464882943143813
245 11 23 0.5471571906354515
246 11 24 0.5478260869565217
247 12 13 0.5484949832775919
248 12 14 0.5491638795986622
249 12 15 0.5498327759197325
250 12 16 0.5505016722408027
251 12 17 0.5511705685618729
252 12 18 0.5518394648829431
253 12 19 0.5525083612040134
254 12 20 0.5531772575250836
255 12 21 0.5538461538461539
256 12 22 0.554515050167224
257 12 23 0.5551839464882943
258 12 24 0.5558528428093645
259 13 14 0.5565217391304348
260 13 15 0.557190635451505
261 13 16 0.5578595317725752
262 13 17 0.5585284280936454
263 13 18 0.5591973244147157
264 13 19 0.559866220735786
265 13 20 0.5605351170568562
266 13 21 0.5612040133779264
267 13 22 0.5618729096989966
268 13 23 0.5625418060200669
269 13 24 0.5632107023411371
270 14 15 0.5638795986622074
271 14 16 0.5645484949832775
272 14 17 0.5652173913043478
273 14 18 0.565886287625418
274 14 19 0.5665551839464883
275 14 20 0.5672240802675586
276 14 21 0.5678929765886287
277 14 22 0.568561872909699
278 14 23 0.5692307692307692
279 14 24 0.5698996655518395
280 15 16 0.5705685618729097
281 15 17 0.5712374581939799
282 15 18 0.5719063545150501
283 15 19 0.5725752508361204
284 15 20 0.5732441471571906
285 15 21 0.5739130434782609
286 15 22 0.574581939799331
287 15 23 0.5752508361204013
288 15 24 0.5759197324414715
289 16 17 0.5765886287625418
290 16 18 0.577257525083612
291 16 19 0.5779264214046822
292 16 20 0.5785953177257525
293 16 21 0.5792642140468227
294 16 22 0.579933110367893
295 16 23 0.5806020066889632
296 16 24 0.5812709030100334
297 17 18 0.5819397993311036
298 17 19 0.5826086956521739
299 17 20 0.5832775919732441
300 17 21 0.5839464882943144
301 17 22 0.5846153846153845
302 17 23 0.5852842809364548
303 17 24 0.585953177257525
304 18 19 0.5866220735785953
305 18 20 0.5872909698996656
306 18 21 0.5879598662207357
307 18 22 0.588628762541806
308 18 23 0.5892976588628762
309 18 24 0.5899665551839465
310 19 20 0.5906354515050167
311 19 21 0.5913043478260869
312 19 22 0.5919732441471572
313 19 23 0.5926421404682274
314 19 24 0.5933110367892976
315 20 21 0.5939799331103679
316 20 22 0.594648829431438
317 20 23 0.5953177257525084
318 20 24 0.5959866220735786
319 21 22 0.5966555183946488
320 21 23 0.5973244147157191
321 21 24 0.5979933110367892
322 22 23 0.5986622073578596
323 22 24 0.5993311036789297
324 23 24 0.6
25 26 27 28 29 30 31 32 33 34 35 36 37 38 39 40 41 42 43 44 45 46 47 48 0
25 49 50 51 52 53 54 55 56 57 58 59 60 61 62 63 64 65 66 67 68 69 70 71 1
26 49 72 73 74 75 76 77 78 79 80 81 82 83 84 85 86 87 88 89 90 91 92 93 2
27 50 72 94 95 96 97 98 99 100 101 102 103 104 105 106 107 108 109 110 111 112 113 114 3
28 51 73 94 115 116 117 118 119 120 121 122 123 124 125 126 127 128 129 130 131 132 133 134 4
29 52 74 95 115 135 136 137 138 139 140 141 142 143 144 145 146 147 148 149 150 151 152 153 5
30 53 75 96 116 135 154 155 156 157 158 159 160 161 162 163 164 165 166 167 168 169 170 171 6
31 54 76 97 117 136 154 172 173 174 175 176 177 178 179 180 181 182 183 184 185 186 187 188 7
32 55 77 98 118 137 155 172 189 190 191 192 193 194 195 196 197 198 199 200 201 202 203 204 8
33 56 78 99 119 138 156 173 189 205 206 207 208 209 210 211 212 213 214 215 216 217 218 219 9
34 57 79 100 120 139 157 174 190 205 220 221 222 223 224 225 226 227 228 229 230 231 232 233 10
35 58 80 101 121 140 158 175 191 206 220 234 235 236 237 238 239 240 241 242 243 244 245 246 11
36 59 81 102 122 141 159 176 192 207 221 234 247 248 249 250 251 252 253 254 255 256 257 258 12
37 60 82 103 123 142 160 177 193 208 222 235 247 259 260 261 262 263 264 265 266 267 268 269 13
38 61 83 104 124 143 161 178 194 209 223 236 248 259 270 271 272 273 274 275 276 277 278 279 14
39 62 84 105 125 144 162 179 195 210 224 237 249 260 270 280 281 282 283 284 285 286 287 288 15
40 63 85 106 126 145 163 180 196 211 225 238 250 261 271 280 289 290 291 292 293 294 295 296 16
41 64 86 107 127 146 164 181 197 212 226 239 251 262 272 281 289 297 298 299 300 301 302 303 17
42 65 87 108 128 147 165 182 198 213 227 240 252 263 273 282 290 297 304 305 306 307 308 309 18
43 66 88 109 129 148 166 183 199 214 228 241 253 264 274 283 291 298 304 310 311 312 313 314 19
44 67 89 110 130 149 167 184 200 215 229 242 254 265 275 284 292 299 305 310 315 316 317 318 20
45 68 90 111 131 150 168 185 201 216 230 243 255 266 276 285 293 300 306 311 315 319 320 321 21
46 69 91 112 132 151 169 186 202 217 231 244 256 267 277 286 294 301 307 312 316 319 322 323 22
47 70 92 113 133 152 170 187 203 218 232 245 257 268 278 287 295 302 308 313 317 320 322 324 23
48 71 93 114 134 153 171 188 204 219 233 246 258 269 279 288 296 303 309 314 318 321 323 324 24
155 193 196 201 202 203 227 230 232 261 307 320 322 324 103 94 96 118 120 123 126 131 132 133 160
161 193 196 201 202 203 227 230 232 261 307 320 322 324 103 94 96 118 120 123 126 131 132 133 160
160 134 163 165 193 196 201 202 203 227 230 232 261 307 320 322 324 103 94 96 118 120 123 126 131
132 133 134 165 193 196 201 202 203 227 230 232 261 307 320 322 324 103 94 96 118 120 123 126 131
163 133 134 165 193 196 201 202 203 227 230 232 261 307 320 322 324 103 94 96 118 120 123 126 131
168 160 170 171 319 227 230 232 261 307 320 322 324 103 94 96 118 120 123 126 131 132 133 134 161
155 160 170 171 319 227 230 232 261 307 320 322 324 103 94 96 118 120 123 126 131 132 133 134 161
163 165 170 171 319 227 230 232 261 307 320 322 324 103 94 96 118 120 123 126 131 132 133 134 161
168 165 170 171 319 227 230 232 261 307 320 322 324 103 94 96 118 120 123 126 131 132 133 134 161
133 134 160 163 165 170 171 201 203 204 223 225 233 277 293 294 295 296 94 96 118 120 123 126 131
155 134 160 163 165 170 171 201 203 204 223 225 233 277 293 294 295 296 94 96 118 120 123 126 131
132 134 160 163 165 170 171 201 203 204 223 225 233 277 293 294 295 296 94 96 118 120 123 126 131
233 168 165 170 171 201 203 204 223 225 277 293 294 295 296 94 96 118 120 123 126 131 132 133 155
161 168 165 170 171 201 203 204 223 225 277 293 294 295 296 94 96 118 120 123 126 131 132 133 155
196 163 193 202 319 204 223 225 233 277 293 294 295 296 94 96 118 120 123 126 131 132 133 134 168
160 163 193 202 319 204 223 225 233 277 293 294 295 296 94 96 118 120 123 126 131 132 133 134 168
155 193 196 202 319 204 223 225 233 277 293 294 295 296 94 96 118 120 123 126 131 132 133 134 168
161 193 196 202 319 204 223 225 233 277 293 294 295 296 94 96 118 120 123 126 131 132 133 134 168
106 112 193 203 204 223 227 232 233 277 307 324 103 26 72 73 77 82 83 85 87 90 92 93 196
190 112 193 203 204 223 227 232 233 277 307 324 103 26 72 73 77 82 83 85 87 90 92 93 196
100 190 193 203 204 223 227 232 233 277 307 324 103 26 72 73 77 82 83 85 87 90 92 93 196
113 190 193 203 204 223 227 232 233 277 307 324 103 26 72 73 77 82 83 85 87 90 92 93 196
100 112 201 202 225 223 227 232 233 277 307 324 103 26 72 73 77 82 83 85 87 90 92 93 113
323 112 201 202 225 223 227 232 233 277 307 324 103 26 72 73 77 82 83 85 87 90 92 93 113
106 196 201 202 225 223 227 232 233 277 307 324 103 26 72 73 77 82 83 85 87 90 92 93 113
323 196 201 202 225 223 227 232 233 277 307 324 103 26 72 73 77 82 83 85 87 90 92 93 113
106 100 112 190 193 196 201 202 203 204 230 261 293 294 295 296 319 320 322 26 72 73 77 82 85
87 100 112 190 193 196 201 202 203 204 230 261 293 294 295 296 319 320 322 26 72 73 77 82 85
83 106 112 190 193 196 201 202 203 204 230 261 293 294 295 296 319 320 322 26 72 73 77 82 85
90 100 92 93 193 196 201 202 203 204 230 261 293 294 295 296 319 320 322 26 72 73 77 82 83
85 100 92 93 193 196 201 202 203 204 230 261 293 294 295 296 319 320 322 26 72 73 77 82 83
87 90 92 93 193 196 201 202 203 204 230 261 293 294 295 296 319 320 322 26 72 73 77 82 83
112 113 323 225 230 261 293 294 295 296 319 320 322 26 72 73 77 82 83 85 87 90 92 93 100
190 113 323 225 230 261 293 294 295 296 319 320 322 26 72 73 77 82 83 85 87 90 92 93 100
106 113 323 225 230 261 293 294 295 296 319 320 322 26 72 73 77 82 83 85 87 90 92 93 100
123 134 222 260 288 269 270 28 30 32 37 40 45 63 51 55 58 68 71 25 100 103 118 120 126
132 134 222 260 288 269 270 28 30 32 37 40 45 63 51 55 58 68 71 25 100 103 118 120 126
131 134 222 260 288 269 270 28 30 32 37 40 45 63 51 55 58 68 71 25 100 103 118 120 126
220 134 222 260 288 269 270 28 30 32 37 40 45 63 51 55 58 68 71 25 100 103 118 120 126
123 126 132 220 133 190 244 266 267 269 270 28 30 32 37 40 45 63 51 55 58 68 71 25 100
103 118 126 220 133 190 244 266 267 269 270 28 30 32 37 40 45 63 51 55 58 68 71 25 100
132 118 126 220 133 190 244 266 267 269 270 28 30 32 37 40 45 63 51 55 58 68 71 25 100
244 131 133 190 266 267 269 270 28 30 32 37 40 45 63 51 55 58 68 71 25 100 103 118 123
120 131 133 190 266 267 269 270 28 30 32 37 40 45 63 51 55 58 68 71 25 100 103 118 123
190 220 222 244 267 268 27 34 39 46 47 48 50 51 55 58 68 71 25 100 103 118 120 123 126
131 220 222 244 267 268 27 34 39 46 47 48 50 51 55 58 68 71 25 100 103 118 120 123 126
132 133 190 222 244 267 27 34 39 46 47 48 50 51 55 58 68 71 25 100 103 118 120 123 126
268 133 190 222 244 267 27 34 39 46 47 48 50 51 55 58 68 71 25 100 103 118 120 123 126
133 134 260 266 288 268 27 34 39 46 47 48 50 51 55 58 68 71 25 100 103 118 120 123 132
131 134 260 266 288 268 27 34 39 46 47 48 50 51 55 58 68 71 25 100 103 118 120 123 132
220 134 260 266 288 268 27 34 39 46 47 48 50 51 55 58 68 71 25 100 103 118 120 123 132
126 134 260 266 288 268 27 34 39 46 47 48 50 51 55 58 68 71 25 100 103 118 120 123 132
168 170 171 323 222 268 269 270 27 28 32 37 47 48 60 61 65 70 96 106 112 113 155 160 163
161 170 171 323 222 268 269 270 27 28 32 37 47 48 60 61 65 70 96 106 112 113 155 160 163
165 170 171 323 222 268 269 270 27 28 32 37 47 48 60 61 65 70 96 106 112 113 155 160 163
220 170 171 323 222 268 269 270 27 28 32 37 47 48 60 61 65 70 96 106 112 113 155 160 163
160 161 165 220 244 260 266 267 30 268 269 270 27 28 32 37 47 48 60 61 65 70 96 106 112
155 161 165 220 244 260 266 267 30 268 269 270 27 28 32 37 47 48 60 61 65 70 96 106 112
113 160 165 220 244 260 266 267 30 268 269 270 27 28 32 37 47 48 60 61 65 70 96 106 112
163 168 260 266 267 30 268 269 270 27 28 32 37 47 48 60 61 65 70 96 106 112 113 155 161
244 168 260 266 267 30 268 269 270 27 28 32 37 47 48 60 61 65 70 96 106 112 113 155 161
170 222 260 266 267 30 288 34 39 40 45 46 50 63 60 61 65 70 96 106 112 113 155 160 161
171 222 260 266 267 30 288 34 39 40 45 46 50 63 60 61 65 70 96 106 112 113 155 160 161
160 163 165 168 222 260 266 267 30 288 34 39 40 45 46 50 63 60 61 65 70 96 106 112 113
155 163 165 168 222 260 266 267 30 288 34 39 40 45 46 50 63 60 61 65 70 96 106 112 113
161 163 165 168 222 260 266 267 30 288 34 39 40 45 46 50 63 60 61 65 70 96 106 112 113
168 323 220 244 288 34 39 40 45 46 50 63 60 61 65 70 96 106 112 113 155 160 161 163 165
171 323 220 244 288 34 39 40 45 46 50 63 60 61 65 70 96 106 112 113 155 160 161 163 165
170 323 220 244 288 34 39 40 45 46 50 63 60 61 65 70 96 106 112 113 155 160 161 163 165
182 235 240 243 246 258 264 274 291 304 314 36 43 58 61 63 65 68 71 142 143 145 150 153 177
208 235 240 243 246 258 264 274 291 304 314 36 43 58 61 63 65 68 71 142 143 145 150 153 177
178 180 240 243 246 258 264 274 291 304 314 36 43 58 61 63 65 68 71 142 143 145 150 153 177
235 180 240 243 246 258 264 274 291 304 314 36 43 58 61 63 65 68 71 142 143 145 150 153 177
208 185 188 236 273 258 264 274 291 304 314 36 43 58 61 63 65 68 71 142 143 145 150 153 178
177 185 188 236 273 258 264 274 291 304 314 36 43 58 61 63 65 68 71 142 143 145 150 153 178
180 185 188 236 273 258 264 274 291 304 314 36 43 58 61 63 65 68 71 142 143 145 150 153 178
182 185 188 236 273 258 264 274 291 304 314 36 43 58 61 63 65 68 71 142 143 145 150 153 178
150 145 178 243 182 185 188 246 273 259 262 263 272 289 303 41 117 60 58 61 63 65 68 71 142
143 145 178 243 182 185 188 246 273 259 262 263 272 289 303 41 117 60 58 61 63 65 68 71 142
153 150 178 243 182 185 188 246 273 259 262 263 272 289 303 41 117 60 58 61 63 65 68 71 142
177 180 185 188 246 273 259 262 263 272 289 303 41 117 60 58 61 63 65 68 71 142 143 145 153
182 180 185 188 246 273 259 262 263 272 289 303 41 117 60 58 61 63 65 68 71 142 143 145 153
243 208 235 236 240 259 262 263 272 289 303 41 117 60 58 61 63 65 68 71 142 143 145 150 177
178 208 235 236 240 259 262 263 272 289 303 41 117 60 58 61 63 65 68 71 142 143 145 150 177
153 208 235 236 240 259 262 263 272 289 303 41 117 60 58 61 63 65 68 71 142 143 145 150 177
180 208 235 236 240 259 262 263 272 289 303 41 117 60 58 61 63 65 68 71 142 143 145 150 177
191 194 240 243 246 258 263 273 304 314 36 43 117 50 51 55 94 98 101 104 108 111 114 121 128
235 194 240 243 246 258 263 273 304 314 36 43 117 50 51 55 94 98 101 104 108 111 114 121 128
124 236 235 243 246 258 263 273 304 314 36 43 117 50 51 55 94 98 101 104 108 111 114 121 128
240 236 235 243 246 258 263 273 304 314 36 43 117 50 51 55 94 98 101 104 108 111 114 121 128
198 194 219 208 274 258 263 273 304 314 36 43 117 50 51 55 94 98 101 104 108 111 114 121 191
124 194 219 208 274 258 263 273 304 314 36 43 117 50 51 55 94 98 101 104 108 111 114 121 191
236 198 219 208 274 258 263 273 304 314 36 43 117 50 51 55 94 98 101 104 108 111 114 121 191
128 198 219 208 274 258 263 273 304 314 36 43 117 50 51 55 94 98 101 104 108 111 114 121 191
128 198 235 243 246 259 262 264 272 289 291 303 41 60 50 51 55 94 98 101 104 108 111 114 121
191 198 235 243 246 259 262 264 272 289 291 303 41 60 50 51 55 94 98 101 104 108 111 114 121
124 194 198 243 246 259 262 264 272 289 291 303 41 60 50 51 55 94 98 101 104 108 111 114 121
235 194 198 243 246 259 262 264 272 289 291 303 41 60 50 51 55 94 98 101 104 108 111 114 121
111 124 128 194 219 208 236 240 274 259 262 264 272 289 291 303 41 60 50 51 55 94 98 101 104
108 114 128 194 219 208 236 240 274 259 262 264 272 289 291 303 41 60 50 51 55 94 98 101 104
124 114 128 194 219 208 236 240 274 259 262 264 272 289 291 303 41 60 50 51 55 94 98 101 104
121 191 208 236 240 274 259 262 264 272 289 291 303 41 60 50 51 55 94 98 101 104 108 111 114
219 191 208 236 240 274 259 262 264 272 289 291 303 41 60 50 51 55 94 98 101 104 108 111 114
219 238 245 265 275 276 278 290 292 306 308 309 318 321 124 72 73 82 83 85 87 90 92 93 128
121 238 245 265 275 276 278 290 292 306 308 309 318 321 124 72 73 82 83 85 87 90 92 93 128
93 142 143 145 219 245 265 275 276 278 290 292 306 308 309 318 321 124 72 73 82 83 85 87 90
92 142 143 145 219 245 265 275 276 278 290 292 306 308 309 318 321 124 72 73 82 83 85 87 90
128 142 143 145 219 245 265 275 276 278 290 292 306 308 309 318 321 124 72 73 82 83 85 87 90
238 150 153 271 279 278 290 292 306 308 309 318 321 124 72 73 82 83 85 87 90 92 93 121 142
145 150 153 271 279 278 290 292 306 308 309 318 321 124 72 73 82 83 85 87 90 92 93 121 142
128 143 153 271 279 278 290 292 306 308 309 318 321 124 72 73 82 83 85 87 90 92 93 121 142
150 143 153 271 279 278 290 292 306 308 309 318 321 124 72 73 82 83 85 87 90 92 93 121 142
143 238 245 265 275 29 31 33 35 38 42 44 48 72 73 82 83 85 87 90 92 93 121 128 142
142 145 150 153 238 245 265 275 29 31 33 35 38 42 44 48 72 73 82 83 85 87 90 92 93
145 128 150 153 238 245 265 275 29 31 33 35 38 42 44 48 72 73 82 83 85 87 90 92 93
121 128 150 153 238 245 265 275 29 31 33 35 38 42 44 48 72 73 82 83 85 87 90 92 93
219 153 271 276 279 29 31 33 35 38 42 44 48 72 73 82 83 85 87 90 92 93 121 128 142
143 153 271 276 279 29 31 33 35 38 42 44 48 72 73 82 83 85 87 90 92 93 121 128 142
219 150 271 276 279 29 31 33 35 38 42 44 48 72 73 82 83 85 87 90 92 93 121 128 142
145 150 271 276 279 29 31 33 35 38 42 44 48 72 73 82 83 85 87 90 92 93 121 128 142
177 188 194 271 275 278 290 292 308 31 35 38 42 44 48 70 77 25 98 101 104 108 111 114 182
178 188 194 271 275 278 290 292 308 31 35 38 42 44 48 70 77 25 98 101 104 108 111 114 182
111 114 180 185 245 188 271 275 278 290 292 308 31 35 38 42 44 48 70 77 25 98 101 104 108
194 114 180 185 245 188 271 275 278 290 292 308 31 35 38 42 44 48 70 77 25 98 101 104 108
182 180 185 245 188 194 271 275 278 290 292 308 31 35 38 42 44 48 70 77 25 98 101 104 108
191 180 198 238 265 290 292 308 31 35 38 42 44 48 70 77 25 98 101 104 108 111 114 177 182
178 180 198 238 265 290 292 308 31 35 38 42 44 48 70 77 25 98 101 104 108 111 114 177 182
185 191 198 238 265 290 292 308 31 35 38 42 44 48 70 77 25 98 101 104 108 111 114 177 182
245 191 198 238 265 290 292 308 31 35 38 42 44 48 70 77 25 98 101 104 108 111 114 177 182
178 182 185 191 188 245 265 278 276 279 306 309 318 321 29 33 124 70 77 25 98 101 104 108 111
182 177 185 191 188 245 265 278 276 279 306 309 318 321 29 33 124 70 77 25 98 101 104 108 111
114 177 185 191 188 245 265 278 276 279 306 309 318 321 29 33 124 70 77 25 98 101 104 108 111
180 188 245 265 278 276 279 306 309 318 321 29 33 124 70 77 25 98 101 104 108 111 114 177 178
238 191 194 198 271 275 276 279 306 309 318 321 29 33 124 70 77 25 98 101 104 108 111 114 178
177 191 194 198 271 275 276 279 306 309 318 321 29 33 124 70 77 25 98 101 104 108 111 114 178
111 180 182 185 194 198 238 271 275 276 279 306 309 318 321 29 33 124 70 77 25 98 101 104 108
114 180 182 185 194 198 238 271 275 276 279 306 309 318 321 29 33 124 70 77 25 98 101 104 108
178 180 182 185 194 198 238 271 275 276 279 306 309 318 321 29 33 124 70 77 25 98 101 104 108
147 197 200 228 209 229 248 253 254 298 299 305 310 316 52 129 115 116 122 125 127 130 136 137 139
141 197 200 228 209 229 248 253 254 298 299 305 310 316 52 129 115 116 122 125 127 130 136 137 139
144 197 200 228 209 229 248 253 254 298 299 305 310 316 52 129 115 116 122 125 127 130 136 137 139
125 136 130 137 144 176 181 183 184 186 209 229 248 253 254 298 299 305 310 316 52 129 115 116 122
149 136 130 137 144 176 181 183 184 186 209 229 248 253 254 298 299 305 310 316 52 129 115 116 122
127 130 137 144 149 176 181 183 184 186 209 229 248 253 254 298 299 305 310 316 52 129 115 116 122
136 139 141 147 149 176 181 183 184 186 209 229 248 253 254 298 299 305 310 316 52 129 115 116 122
125 139 141 147 149 176 181 183 184 186 209 229 248 253 254 298 299 305 310 316 52 129 115 116 122
127 139 141 147 149 176 181 183 184 186 209 229 248 253 254 298 299 305 310 316 52 129 115 116 122
141 149 176 184 186 226 231 247 256 286 297 301 57 316 52 129 115 116 122 125 127 130 136 137 139
147 149 176 184 186 226 231 247 256 286 297 301 57 316 52 129 115 116 122 125 127 130 136 137 139
181 149 176 184 186 226 231 247 256 286 297 301 57 316 52 129 115 116 122 125 127 130 136 137 139
144 149 176 184 186 226 231 247 256 286 297 301 57 316 52 129 115 116 122 125 127 130 136 137 139
136 141 144 181 183 197 200 228 226 231 247 256 286 297 301 57 316 52 129 115 116 122 125 127 130
137 141 144 181 183 197 200 228 226 231 247 256 286 297 301 57 316 52 129 115 116 122 125 127 130
139 141 144 181 183 197 200 228 226 231 247 256 286 297 301 57 316 52 129 115 116 122 125 127 130
147 183 197 200 228 226 231 247 256 286 297 301 57 316 52 129 115 116 122 125 127 130 136 137 139
164 159 162 184 167 172 199 197 229 209 248 253 254 256 298 299 301 310 53 54 59 62 64 66 69
154 159 162 184 167 172 199 197 229 209 248 253 254 256 298 299 301 310 53 54 59 62 64 66 69
67 162 164 184 167 172 199 197 229 209 248 253 254 256 298 299 301 310 53 54 59 62 64 66 69
157 167 172 199 197 229 209 248 253 254 256 298 299 301 310 53 54 59 62 64 66 67 69 154 159
166 167 172 199 197 229 209 248 253 254 256 298 299 301 310 53 54 59 62 64 66 67 69 154 159
69 162 164 184 174 181 183 186 209 248 253 254 256 298 299 301 310 53 54 59 62 64 66 67 159
154 162 164 184 174 181 183 186 209 248 253 254 256 298 299 301 310 53 54 59 62 64 66 67 159
157 162 164 184 174 181 183 186 209 248 253 254 256 298 299 301 310 53 54 59 62 64 66 67 159
166 174 181 183 186 209 248 253 254 256 298 299 301 310 53 54 59 62 64 66 67 69 154 157 159
197 167 174 184 229 200 226 228 231 247 286 297 305 57 53 54 59 62 64 66 67 69 154 157 159
154 162 164 166 167 174 184 229 200 226 228 231 247 286 297 305 57 53 54 59 62 64 66 67 69
159 162 164 166 167 174 184 229 200 226 228 231 247 286 297 305 57 53 54 59 62 64 66 67 69
157 162 164 166 167 174 184 229 200 226 228 231 247 286 297 305 57 53 54 59 62 64 66 67 69
197 172 199 181 183 186 200 226 228 231 247 286 297 305 57 53 54 59 62 64 66 67 69 154 159
157 154 162 164 166 172 199 181 183 186 200 226 228 231 247 286 297 305 57 53 54 59 62 64 66
69 154 162 164 166 172 199 181 183 186 200 226 228 231 247 286 297 305 57 53 54 59 62 64 66
162 159 157 164 166 172 199 181 183 186 200 226 228 231 247 286 297 305 57 53 54 59 62 64 66
67 159 157 164 166 172 199 181 183 186 200 226 228 231 247 286 297 305 57 53 54 59 62 64 66
172 174 179 192 195 252 281 282 40 42 117 49 56 76 79 84 86 88 116 125 127 154 157 162 166
199 174 179 192 195 252 281 282 40 42 117 49 56 76 79 84 86 88 116 125 127 154 157 162 166
205 199 179 192 195 252 281 282 40 42 117 49 56 76 79 84 86 88 116 125 127 154 157 162 166
164 199 179 192 195 252 281 282 40 42 117 49 56 76 79 84 86 88 116 125 127 154 157 162 166
157 162 174 205 189 211 213 224 252 281 282 40 42 117 49 56 76 79 84 86 88 116 125 127 154
172 162 174 205 189 211 213 224 252 281 282 40 42 117 49 56 76 79 84 86 88 116 125 127 154
166 172 174 205 189 211 213 224 252 281 282 40 42 117 49 56 76 79 84 86 88 116 125 127 154
164 189 211 213 224 252 281 282 40 42 117 49 56 76 79 84 86 88 116 125 127 154 157 162 166
154 157 162 166 174 199 189 205 211 221 249 250 251 280 283 284 75 76 79 84 86 88 116 125 127
192 157 162 166 174 199 189 205 211 221 249 250 251 280 283 284 75 76 79 84 86 88 116 125 127
164 162 166 174 199 189 192 205 211 221 249 250 251 280 283 284 75 76 79 84 86 88 116 125 127
172 199 189 192 205 211 221 249 250 251 280 283 284 75 76 79 84 86 88 116 125 127 154 157 164
213 199 189 192 205 211 221 249 250 251 280 283 284 75 76 79 84 86 88 116 125 127 154 157 164
172 213 195 224 221 249 250 251 280 283 284 75 76 79 84 86 88 116 125 127 154 157 162 164 166
179 213 195 224 221 249 250 251 280 283 284 75 76 79 84 86 88 116 125 127 154 157 162 164 166
174 179 195 224 221 249 250 251 280 283 284 75 76 79 84 86 88 116 125 127 154 157 162 164 166
136 139 144 147 149 167 176 179 205 211 213 249 250 252 280 282 283 284 74 78 80 81 89 115 122
137 139 144 147 149 167 176 179 205 211 213 249 250 252 280 282 283 284 74 78 80 81 89 115 122
130 139 144 147 149 167 176 179 205 211 213 249 250 252 280 282 283 284 74 78 80 81 89 115 122
167 159 149 176 179 205 211 213 249 250 252 280 282 283 284 74 78 80 81 89 115 122 130 136 137
141 159 149 176 179 205 211 213 249 250 252 280 282 283 284 74 78 80 81 89 115 122 130 136 137
141 189 192 195 40 211 213 249 250 252 280 282 283 284 74 78 80 81 89 115 122 130 136 137 139
130 144 147 159 189 192 195 40 211 213 249 250 252 280 282 283 284 74 78 80 81 89 115 122 136
137 144 147 159 189 192 195 40 211 213 249 250 252 280 282 283 284 74 78 80 81 89 115 122 136
139 144 147 159 189 192 195 40 211 213 249 250 252 280 282 283 284 74 78 80 81 89 115 122 136
130 139 141 147 149 167 192 195 40 221 224 251 281 42 117 49 56 75 74 78 80 81 89 115 122
136 137 141 147 149 167 192 195 40 221 224 251 281 42 117 49 56 75 74 78 80 81 89 115 122
139 137 141 147 149 167 192 195 40 221 224 251 281 42 117 49 56 75 74 78 80 81 89 115 122
144 149 167 192 195 40 221 224 251 281 42 117 49 56 75 74 78 80 81 89 115 122 130 136 137
159 149 167 192 195 40 221 224 251 281 42 117 49 56 75 74 78 80 81 89 115 122 130 136 137
179 144 176 189 205 221 224 251 281 42 117 49 56 75 74 78 80 81 89 115 122 130 136 137 139
141 144 176 189 205 221 224 251 281 42 117 49 56 75 74 78 80 81 89 115 122 130 136 137 139
147 176 179 189 205 221 224 251 281 42 117 49 56 75 74 78 80 81 89 115 122 130 136 137 139
159 176 179 189 205 221 224 251 281 42 117 49 56 75 74 78 80 81 89 115 122 130 136 137 139
105 135 146 156 158 169 234 317 241 242 257 312 313 34 35 36 43 39 41 47 79 81 88 89 129
91 135 146 156 158 169 234 317 241 242 257 312 313 34 35 36 43 39 41 47 79 81 88 89 129
119 135 146 156 158 169 234 317 241 242 257 312 313 34 35 36 43 39 41 47 79 81 88 89 129
107 158 169 234 317 241 242 257 312 313 34 35 36 43 39 41 47 79 81 88 89 129 91 105 119
129 105 107 146 218 207 214 215 217 241 242 257 312 313 34 35 36 43 39 41 47 79 81 88 119
89 105 107 146 218 207 214 215 217 241 242 257 312 313 34 35 36 43 39 41 47 79 81 88 119
91 105 107 146 218 207 214 215 217 241 242 257 312 313 34 35 36 43 39 41 47 79 81 88 119
135 156 218 207 215 217 241 242 257 312 313 34 35 36 43 39 41 47 79 81 88 89 129 91 119
214 156 218 207 215 217 241 242 257 312 313 34 35 36 43 39 41 47 79 81 88 89 129 91 119
218 146 169 207 214 217 26 27 28 29 30 31 32 33 38 39 41 47 79 81 88 89 129 91 105
135 146 169 207 214 217 26 27 28 29 30 31 32 33 38 39 41 47 79 81 88 89 129 91 105
129 107 119 156 169 218 207 214 217 26 27 28 29 30 31 32 33 38 39 41 47 79 81 88 91
105 107 119 156 169 218 207 214 217 26 27 28 29 30 31 32 33 38 39 41 47 79 81 88 91
89 107 119 156 169 218 207 214 217 26 27 28 29 30 31 32 33 38 39 41 47 79 81 88 91
107 158 215 234 317 26 27 28 29 30 31 32 33 38 39 41 47 79 81 88 89 129 91 105 146
119 158 215 234 317 26 27 28 29 30 31 32 33 38 39 41 47 79 81 88 89 129 91 105 146
135 158 215 234 317 26 27 28 29 30 31 32 33 38 39 41 47 79 81 88 89 129 91 105 146
156 158 215 234 317 26 27 28 29 30 31 32 33 38 39 41 47 79 81 88 89 129 91 105 146
152 187 207 234 257 242 26 27 29 31 33 34 35 44 46 57 95 97 99 102 109 110 138 140 151
110 151 173 175 187 207 234 257 242 26 27 29 31 33 34 35 44 46 57 95 97 99 102 109 138
148 151 173 175 187 207 234 257 242 26 27 29 31 33 34 35 44 46 57 95 97 99 102 109 138
140 148 173 175 187 207 234 257 242 26 27 29 31 33 34 35 44 46 57 95 97 99 102 109 138
173 214 215 217 241 242 26 27 29 31 33 34 35 44 46 57 95 97 99 102 109 110 138 140 148
175 214 215 217 241 242 26 27 29 31 33 34 35 44 46 57 95 97 99 102 109 110 138 140 148
152 214 215 217 241 242 26 27 29 31 33 34 35 44 46 57 95 97 99 102 109 110 138 140 148
151 214 215 217 241 242 26 27 29 31 33 34 35 44 46 57 95 97 99 102 109 110 138 140 148
140 175 214 215 234 241 312 313 317 28 30 32 36 38 43 44 46 57 95 97 99 102 109 110 151
173 175 214 215 234 241 312 313 317 28 30 32 36 38 43 44 46 57 95 97 99 102 109 110 151
102 151 148 152 173 214 215 234 241 312 313 317 28 30 32 36 38 43 44 46 57 95 97 99 109
138 151 148 152 173 214 215 234 241 312 313 317 28 30 32 36 38 43 44 46 57 95 97 99 109
110 138 148 152 173 214 215 234 241 312 313 317 28 30 32 36 38 43 44 46 57 95 97 99 109
151 187 207 217 257 312 313 317 28 30 32 36 38 43 44 46 57 95 97 99 102 109 110 138 140
175 187 207 217 257 312 313 317 28 30 32 36 38 43 44 46 57 95 97 99 102 109 110 138 140
187 152 207 217 257 312 313 317 28 30 32 36 38 43 44 46 57 95 97 99 102 109 110 138 140
148 152 207 217 257 312 313 317 28 30 32 36 38 43 44 46 57 95 97 99 102 109 110 138 140
152 212 237 239 285 255 287 300 302 311 315 25 45 53 74 76 78 80 84 86 97 102 138 140 146
210 212 237 239 285 255 287 300 302 311 315 25 45 53 74 76 78 80 84 86 97 102 138 140 146
148 173 237 239 285 255 287 300 302 311 315 25 45 53 74 76 78 80 84 86 97 102 138 140 146
210 173 237 239 285 255 287 300 302 311 315 25 45 53 74 76 78 80 84 86 97 102 138 140 146
175 152 187 218 206 216 255 287 300 302 311 315 25 45 53 74 76 78 80 84 86 97 102 138 140
146 152 187 218 206 216 255 287 300 302 311 315 25 45 53 74 76 78 80 84 86 97 102 138 140
138 148 173 212 175 187 218 206 216 255 287 300 302 311 315 25 45 53 74 76 78 80 84 86 102
148 140 173 212 175 187 218 206 216 255 287 300 302 311 315 25 45 53 74 76 78 80 84 86 102
97 140 173 212 175 187 218 206 216 255 287 300 302 311 315 25 45 53 74 76 78 80 84 86 102
173 218 206 210 237 37 49 52 54 56 59 62 95 74 76 78 80 84 86 97 102 138 140 146 148
140 152 175 187 218 206 210 237 37 49 52 54 56 59 62 95 74 76 78 80 84 86 97 102 146
138 148 152 175 218 206 210 237 37 49 52 54 56 59 62 95 74 76 78 80 84 86 97 102 146
187 148 152 175 218 206 210 237 37 49 52 54 56 59 62 95 74 76 78 80 84 86 97 102 146
173 175 216 239 285 37 49 52 54 56 59 62 95 74 76 78 80 84 86 97 102 138 140 146 148
212 175 216 239 285 37 49 52 54 56 59 62 95 74 76 78 80 84 86 97 102 138 140 146 148
152 187 212 216 239 37 49 52 54 56 59 62 95 74 76 78 80 84 86 97 102 138 140 146 148
285 187 212 216 239 37 49 52 54 56 59 62 95 74 76 78 80 84 86 97 102 138 140 146 148
151 156 210 212 285 287 302 37 52 53 54 56 62 95 64 66 67 69 75 91 99 105 107 109 119
216 156 210 212 285 287 302 37 52 53 54 56 62 95 64 66 67 69 75 91 99 105 107 109 119
110 135 210 212 285 287 302 37 52 53 54 56 62 95 64 66 67 69 75 91 99 105 107 109 119
156 135 210 212 285 287 302 37 52 53 54 56 62 95 64 66 67 69 75 91 99 105 107 109 119
119 109 135 151 158 169 206 237 239 287 302 37 52 53 54 56 62 95 64 66 67 69 75 91 105
99 109 135 151 158 169 206 237 239 287 302 37 52 53 54 56 62 95 64 66 67 69 75 91 105
107 119 135 151 158 169 206 237 239 287 302 37 52 53 54 56 62 95 64 66 67 69 75 91 105
110 158 169 206 237 239 287 302 37 52 53 54 56 62 95 64 66 67 69 75 91 99 105 107 109
216 158 169 206 237 239 287 302 37 52 53 54 56 62 95 64 66 67 69 75 91 99 105 107 109
156 158 169 237 239 255 300 311 315 25 45 49 59 64 66 67 69 75 91 99 105 107 109 110 119
109 119 135 151 158 169 237 239 255 300 311 315 25 45 49 59 64 66 67 69 75 91 99 105 107
206 119 135 151 158 169 237 239 255 300 311 315 25 45 49 59 64 66 67 69 75 91 99 105 107
110 135 151 206 158 169 237 239 255 300 311 315 25 45 49 59 64 66 67 69 75 91 99 105 107
156 210 212 216 285 255 300 311 315 25 45 49 59 64 66 67 69 75 91 99 105 107 109 110 135
206 210 212 216 285 255 300 311 315 25 45 49 59 64 66 67 69 75 91 99 105 107 109 110 135
212 151 210 216 285 255 300 311 315 25 45 49 59 64 66 67 69 75 91 99 105 107 109 110 135
119 151 210 216 285 255 300 311 315 25 45 49 59 64 66 67 69 75 91 99 105 107 109 110 135
