21
32
0
1
2
3
4
5
6 0 1 0.5
7 0 2 0.5
8 0 3 0.5
9 0 4 0.5
10 0 5 0.5
11 1 2 0.5
12 1 3 0.5
13 1 4 0.5
14 1 5 0.5
15 2 3 0.5
16 2 4 0.5
17 2 5 0.5
18 3 4 0.5
19 3 5 0.5
20 4 5 0.5
6 7 8 9 10 0
6 11 12 13 14 1
7 11 15 16 17 2
8 12 15 18 19 3
9 13 16 18 20 4
10 14 17 19 20 5
20 9 8 7 6 11
20 10 8 7 6 11
20 12 10 8 6 11
20 10 9 8 7 6
20 12 9 8 6 11
20 13 12 9 6 11
20 14 12 10 6 11
20 14 13 12 6 11
20 15 14 12 10 11
20 15 13 12 9 11
20 16 15 13 9 11
20 15 12 9 8 11
20 15 12 10 8 11
20 15 9 8 7 11
20 15 10 8 7 11
20 16 15 9 7 11
20 18 15 12 9 8
20 18 16 15 13 9
20 18 15 13 12 9
20 17 15 10 7 11
20 17 16 15 7 11
20 17 15 14 10 11
20 19 15 12 10 8
20 19 18 15 12 8
20 19 17 15 14 10
20 19 15 14 12 10
