28
64
0
1
2
3
4
5
6
7 0 1 0.5
8 0 2 0.5
9 0 3 0.5
10 0 4 0.5
11 0 5 0.5
12 0 6 0.5
13 1 2 0.5
14 1 3 0.5
15 1 4 0.5
16 1 5 0.5
17 1 6 0.5
18 2 3 0.5
19 2 4 0.5
20 2 5 0.5
21 2 6 0.5
22 3 4 0.5
23 3 5 0.5
24 3 6 0.5
25 4 5 0.5
26 4 6 0.5
27 5 6 0.5
7 8 9 10 11 12 0
7 13 14 15 16 17 1
8 13 18 19 20 21 2
9 14 18 22 23 24 3
10 15 19 22 25 26 4
11 16 20 23 25 27 5
12 17 21 24 26 27 6
24 11 10 9 8 7 13
24 12 11 10 8 7 13
24 12 11 10 9 8 7
24 18 11 10 9 8 13
24 19 18 11 10 8 13
24 19 12 11 10 8 13
24 20 19 18 11 8 13
24 20 19 12 11 8 13
24 21 20 19 12 8 13
24 21 20 19 18 8 13
24 16 15 14 20 11 13
24 14 20 19 18 11 13
24 14 19 18 11 10 13
24 14 18 11 10 9 13
24 14 11 10 9 7 13
24 15 12 11 10 7 13
24 15 14 11 10 7 13
24 15 19 12 11 10 13
24 15 14 19 11 10 13
24 15 20 19 12 11 13
24 15 14 20 19 11 13
24 15 21 20 19 12 13
24 22 14 18 11 10 9
24 22 15 14 19 11 10
24 22 14 19 18 11 10
24 22 15 14 20 19 11
24 17 16 15 21 12 13
24 22 14 20 19 18 11
24 16 15 12 11 7 13
24 16 15 14 11 7 13
24 16 15 20 12 11 13
24 16 15 21 20 12 13
24 16 22 15 14 20 11
24 23 22 14 18 11 9
24 23 16 22 14 20 11
24 23 22 14 20 18 11
24 17 16 15 12 7 13
24 17 16 15 14 7 13
24 26 17 16 15 21 12
24 26 16 15 21 20 12
24 26 15 21 20 19 12
24 27 26 17 16 21 12
24 26 16 15 20 12 11
24 26 15 20 19 12 11
24 25 26 16 15 20 11
24 26 15 19 12 11 10
24 27 26 16 21 20 12
24 27 26 16 20 12 11
24 25 22 15 20 19 11
24 25 26 15 20 19 11
24 25 26 22 15 19 10
24 25 22 15 19 11 10
24 25 26 15 19 11 10
24 25 16 22 15 20 11
24 25 27 26 16 20 11
24 25 27 23 16 20 11
24 25 23 16 22 20 11
