36
29
0
1
2
3
4
5
6
7
8 0 1 0.4
9 0 2 0.40740740740740744
10 0 3 0.41481481481481486
11 0 4 0.4222222222222222
12 0 5 0.42962962962962964
13 0 6 0.43703703703703706
14 0 7 0.4444444444444445
15 1 2 0.45185185185185184
16 1 3 0.45925925925925926
17 1 4 0.4666666666666667
18 1 5 0.4740740740740741
19 1 6 0.4814814814814815
20 1 7 0.48888888888888893
21 2 3 0.4962962962962963
22 2 4 0.5037037037037038
23 2 5 0.5111111111111111
24 2 6 0.5185185185185185
25 2 7 0.5259259259259259
26 3 4 0.5333333333333333
27 3 5 0.5407407407407407
28 3 6 0.5481481481481482
29 3 7 0.5555555555555556
30 4 5 0.5629629629629629
31 4 6 0.5703703703703704
32 4 7 0.5777777777777777
33 5 6 0.5851851851851851
34 5 7 0.5925925925925926
35 6 7 0.6
8 9 10 11 12 13 14 0
8 15 16 17 18 19 20 1
9 15 21 22 23 24 25 2
10 16 21 26 27 28 29 3
11 17 22 26 30 31 32 4
12 18 23 27 30 33 34 5
13 19 24 28 31 33 35 6
14 20 25 29 32 34 35 7
35 20 24 25 32 33 34 13
18 20 24 25 32 33 34 13
11 18 24 25 32 33 34 13
11 14 27 29 32 33 34 35
20 14 27 29 32 33 34 35
13 14 27 29 32 33 34 35
18 24 27 29 8 9 10 12
23 24 27 29 8 9 10 12
14 24 27 29 8 9 10 12
20 25 8 10 12 23 14 18
9 25 8 10 12 23 14 18
22 16 17 26 8 9 10 11
13 16 17 26 8 9 10 11
15 17 22 26 8 9 10 11
19 21 8 9 11 13 15 16
10 21 8 9 11 13 15 16
17 19 30 31 12 23 15 16
28 19 30 31 12 23 15 16
15 16 21 22 26 28 31 23
30 16 21 22 26 28 31 23
12 21 22 26 28 30 31 23
