45
37
0
1
2
3
4
5
6
7
8
9 0 1 0.4
10 0 2 0.40571428571428575
11 0 3 0.4114285714285715
12 0 4 0.41714285714285715
13 0 5 0.4228571428571429
14 0 6 0.4285714285714286
15 0 7 0.4342857142857143
16 0 8 0.44
17 1 2 0.44571428571428573
18 1 3 0.45142857142857146
19 1 4 0.4571428571428572
20 1 5 0.46285714285714286
21 1 6 0.4685714285714286
22 1 7 0.4742857142857143
23 1 8 0.48
24 2 3 0.4857142857142857
25 2 4 0.49142857142857144
26 2 5 0.49714285714285716
27 2 6 0.5028571428571429
28 2 7 0.5085714285714286
29 2 8 0.5142857142857142
30 3 4 0.52
31 3 5 0.5257142857142857
32 3 6 0.5314285714285714
33 3 7 0.5371428571428571
34 3 8 0.5428571428571429
35 4 5 0.5485714285714286
36 4 6 0.5542857142857143
37 4 7 0.56
38 4 8 0.5657142857142857
39 5 6 0.5714285714285714
40 5 7 0.5771428571428572
41 5 8 0.5828571428571429
42 6 7 0.5885714285714285
43 6 8 0.5942857142857143
44 7 8 0.6
9 10 11 12 13 14 15 16 0
9 17 18 19 20 21 22 23 1
10 17 24 25 26 27 28 29 2
11 18 24 30 31 32 33 34 3
12 19 25 30 35 36 37 38 4
13 20 26 31 35 39 40 41 5
14 21 27 32 36 39 42 43 6
15 22 28 33 37 40 42 44 7
16 23 29 34 38 41 43 44 8
9 35 41 10 11 13 14 16 19
30 35 41 10 11 13 14 16 19
11 23 29 34 43 41 9 10 13
16 23 29 34 43 41 9 10 13
41 19 23 29 34 43 9 10 13
14 19 23 29 34 43 9 10 13
22 19 23 35 37 38 44 12 15
29 19 23 35 37 38 44 12 15
16 19 23 35 37 38 44 12 15
22 29 34 43 37 38 44 12 16
30 29 34 43 37 38 44 12 16
15 30 34 43 37 38 44 12 16
11 20 21 26 27 32 36 9 10
10 12 13 14 20 21 26 27 32
9 12 13 14 20 21 26 27 32
36 12 13 14 20 21 26 27 32
13 14 18 24 25 32 36 9 12
17 14 18 24 25 32 36 9 12
18 11 17 24 25 32 36 9 12
10 11 17 24 25 32 36 9 12
39 21 17 18 20 28 31 33 42
22 21 17 18 20 28 31 33 42
18 15 22 17 20 28 31 33 42
40 15 22 17 20 28 31 33 42
25 40 24 26 27 28 31 33 42
39 40 24 26 27 28 31 33 42
15 21 24 25 27 28 31 33 42
26 21 24 25 27 28 31 33 42
