env_id,alg_id,search_runtime,max_trial_length,rollouts_per_mc_eval,num_repeats,num_threads
deep-sea-treasure-v0,chmcts,20,50,1024,5,16

hp_opt_iter,czt_bias,czt_ball_split_visit_thresh,eval(mc_estimate_expected_utility),best_eval_so_far
MIN,0.01,5,MIN
MAX,100,100,MAX
0,18.7844,44,5.45032,5.45032
1,57.659,90,6.08832,6.08832
2,39.2943,17,5.91014,6.08832
3,62.2895,12,6.15775,6.15775
4,43.5366,35,5.98207,6.15775
5,20.4922,67,5.20772,6.15775
6,75.2916,24,5.63134,6.15775
7,95.7251,93,5.55037,6.15775
8,3.24911,72,4.16597,6.15775
9,89.8743,53,6.07672,6.15775
10,59.5805,99,6.14785,6.15775
11,58.2384,5,6.17489,6.17489
12,58.2383,5,5.98097,6.17489
13,59.7699,99,5.79569,6.17489
14,56.9228,5,6.03878,6.17489
15,57.2882,5,5.43199,6.17489
16,70.681,99,6.01803,6.17489
17,70.0453,99,5.51569,6.17489
18,100,5,5.69156,6.17489
19,49.668,99,5.88667,6.17489
20,48.9817,99,5.98887,6.17489
21,48.8122,5,5.51423,6.17489
22,76.9255,5,6.12059,6.17489
23,76.5453,5,5.66289,6.17489
24,54.9763,99,6.0778,6.17489
25,60.6981,99,5.08578,6.17489
26,100,5,6.23882,6.23882
27,100,5,6.01343,6.23882
28,100,99,5.67285,6.23882
29,87.6809,5,5.68903,6.23882
30,100,5,6.06666,6.23882
31,100,5,5.78361,6.23882
32,81.5738,5,6.01354,6.23882
33,100,99,5.67997,6.23882
34,72.3986,5,5.9746,6.23882
35,100,5,5.87813,6.23882
36,81.9471,99,6.00158,6.23882
37,82.1732,5,5.99401,6.23882
38,69.1271,5,6.13732,6.23882
39,69.1326,5,5.80112,6.23882
40,81.6232,99,6.0609,6.23882
41,84.2061,5,5.6913,6.23882
42,80.8191,99,5.95627,6.23882
43,46.6549,5,5.87749,6.23882
44,100,5,5.44961,6.23882
45,77.3998,99,5.14091,6.23882
46,43.2919,99,5.36469,6.23882
47,62.5929,5,5.64913,6.23882
48,53.6377,48,6.04876,6.23882
49,62.6373,5,5.65307,6.23882
50,45.9048,5,5.96573,6.23882
51,63.5037,5,6.24337,6.24337
52,63.5583,5,5.88425,6.24337
53,51.3475,5,5.7954,6.24337
54,69.7325,5,6.0523,6.24337
55,69.5316,5,5.62929,6.24337
56,42.4146,5,5.98421,6.24337
57,100,99,5.90048,6.24337
58,42.2958,5,6.21358,6.24337
59,42.5058,5,6.00727,6.24337
60,51.6862,5,5.79702,6.24337
61,41.6715,99,5.61758,6.24337
62,100,5,5.96627,6.24337
63,86.4419,5,5.94394,6.24337
64,37.5444,5,5.9193,6.24337
65,100,5,6.10719,6.24337
66,100,5,6.12661,6.24337
67,100,5,5.86858,6.24337
68,86.6859,5,6.0727,6.24337
69,100,99,6.02681,6.24337
70,85.1622,62,5.24961,6.24337
71,37.8803,5,6.03665,6.24337
72,0.0194795,12,2.8771,6.24337
73,99.9981,31,5.84961,6.24337
74,0.019408,52,3.68714,6.24337
75,99.9981,38,5.66085,6.24337
76,0.0194265,87,3.20737,6.24337
77,0.0194071,30,4.01986,6.24337
78,99.9981,41,5.48849,6.24337
79,99.9981,20,5.85465,6.24337
80,99.9981,20,5.93123,6.24337
81,0.019428,39,3.26188,6.24337
82,33.6258,5,6.03062,6.24337
83,33.7551,5,6.24698,6.24698
84,33.7161,5,6.1129,6.24698
85,33.7555,5,6.42983,6.42983
86,33.0143,99,5.88782,6.42983
87,31.449,5,5.73311,6.42983
88,33.6737,99,6.04837,6.42983
89,33.703,99,5.79205,6.42983
90,31.3255,5,5.99457,6.42983
91,34.7955,99,6.10966,6.42983
92,30.056,5,5.99239,6.42983
93,30.5301,99,6.14552,6.42983
94,30.2317,5,5.9772,6.42983
95,36.3499,99,5.83279,6.42983
96,36.3997,5,5.81035,6.42983
97,29.1727,99,5.64679,6.42983
98,37.0932,5,5.52441,6.42983
99,27.9385,5,5.8766,6.42983
100,39.4647,99,5.29988,6.42983
101,90.6934,99,6.0245,6.42983
102,91.5433,5,5.9849,6.42983
103,90.7695,99,5.94274,6.42983
104,84.864,72,5.65367,6.42983
105,91.5201,99,5.71688,6.42983
106,65.5457,99,4.64884,6.42983
107,91.6863,5,5.59995,6.42983
108,27.5426,5,5.84056,6.42983
109,53.0966,5,5.59862,6.42983
110,28.9398,99,6.05237,6.42983
111,27.5859,99,5.66735,6.42983
112,28.0745,5,5.75378,6.42983
113,50.8285,99,5.29659,6.42983
114,91.7116,5,6.05377,6.42983
115,35.9467,5,6.16255,6.42983
116,35.8607,5,5.98415,6.42983
117,76.3598,7,5.38095,6.42983
118,91.5653,99,6.02681,6.42983
119,36.9033,5,6.19673,6.42983
120,33.28,5,5.54618,6.42983
121,91.4902,99,5.89596,6.42983
122,91.9195,5,5.97812,6.42983
123,60.2472,5,5.99995,6.42983
124,46.3017,6,6.12821,6.42983
125,58.5576,5,5.49362,6.42983
126,34.5099,5,5.84642,6.42983
127,41.5621,5,5.94238,6.42983
128,11.5981,86,5.45371,6.42983
129,43.0477,5,6.03395,6.42983
130,41.944,5,5.73853,6.42983
131,100,99,5.8207,6.42983
132,88.3707,99,5.87514,6.42983
133,25.656,99,5.72594,6.42983
134,35.9352,99,5.83248,6.42983
135,26.4371,99,5.75672,6.42983
136,54.9701,5,6.01608,6.42983
137,50.005,98,5.82369,6.42983
138,92.6178,5,6.03457,6.42983
139,92.5165,5,6.14209,6.42983
140,46.5855,5,5.61794,6.42983
141,93.0476,99,5.91483,6.42983
142,26.004,5,6.16583,6.42983
143,22.2509,5,5.99487,6.42983
144,25.2856,5,5.83895,6.42983
145,25.848,5,6.02329,6.42983
146,88.279,99,5.54567,6.42983
147,28.1682,5,5.95148,6.42983
148,93.7506,99,6.01766,6.42983
149,31.2239,5,6.18068,6.42983
150,77.7777,55,5.40978,6.42983
151,26.4371,99,5.97149,6.42983
152,28.4261,5,5.81855,6.42983
153,63.8051,5,5.832,6.42983
154,38.9359,99,5.32004,6.42983
155,31.6517,5,5.60062,6.42983
156,83.896,5,5.87336,6.42983
157,83.8676,5,6.05634,6.42983
158,83.7234,5,5.95168,6.42983
159,58.5282,5,5.59552,6.42983
160,16.675,20,5.82672,6.42983
161,22.115,98,6.05356,6.42983
162,16.675,20,5.87622,6.42983
163,22.0301,99,5.92052,6.42983
164,22.0278,99,5.48189,6.42983
165,16.675,96,6.01744,6.42983
166,16.675,96,6.15912,6.42983
167,20.7898,5,6.13239,6.42983
168,20.7898,5,5.97236,6.42983
169,20.7898,5,5.98657,6.42983
170,16.675,20,6.12079,6.42983
171,16.675,20,5.56466,6.42983
172,0.365965,97,3.66409,6.42983
173,16.675,20,5.98309,6.42983
174,16.675,96,6.1299,6.42983
175,16.675,20,5.96766,6.42983
176,14.7881,99,6.03106,6.42983
177,14.1452,5,5.66789,6.42983
178,17.8841,99,6.28428,6.42983
179,17.8836,99,6.32974,6.42983
180,17.8648,99,6.24357,6.42983
181,15.7808,99,6.12273,6.42983
182,18.5092,99,5.96624,6.42983
183,14.9115,99,5.85014,6.42983
184,19.003,5,6.0304,6.42983
185,95.4552,99,6.187,6.42983
186,95.294,5,6.05972,6.42983
187,95.2929,5,5.95987,6.42983
188,95.2811,5,6.12137,6.42983
189,95.2811,5,6.07952,6.42983
190,95.281,5,6.04648,6.42983
191,95.5882,99,6.14039,6.42983
192,95.5882,99,5.44018,6.42983
193,14.3433,5,5.42507,6.42983
194,52.2742,15,6.14646,6.42983
195,14.389,5,5.64383,6.42983
196,18.8916,99,6.15756,6.42983
197,19.0067,99,6.19751,6.42983
198,19.0067,99,5.29487,6.42983
199,95.8337,96,5.84352,6.42983
200,71.5511,99,5.78433,6.42983
201,82.1519,99,4.99651,6.42983
202,54.9592,99,5.40285,6.42983
203,22.8661,6,5.87837,6.42983
204,21.2668,5,5.80893,6.42983
205,17.1558,11,5.92959,6.42983
206,66.7973,5,6.01401,6.42983

Best eval with params:
eval (mc_estimate_expected_utility) = 6.42983
czt_ball_split_visit_thresh = 5
czt_bias = 33.7555
