env_id,alg_id,search_runtime,max_trial_length,rollouts_per_mc_eval,num_repeats,num_threads
deep-sea-treasure-v0,smbts,20,50,1024,5,16

hp_opt_iter,sm_l_inf_thresh,sm_split_visit_thresh,smbts_search_temp,smbts_epsilon,smbts_use_search_temp_decay,smbts_search_temp_decay_visits_scale,eval(mc_estimate_expected_utility),best_eval_so_far
MIN,0.0001,1,0.01,0.0001,0,0.01,MIN
MAX,0.5,100,100,0.5,1,100,MAX
0,0.375154,72,83.5328,0.107324,0,90.4264,5.90852,5.90852
1,0.31947,81,99.6091,0.0870039,1,67.2009,6.2143,6.2143
2,0.286694,95,59.6848,0.374957,0,10.6164,5.61883,6.2143
3,0.0683104,31,41.4093,0.181445,1,42.3541,6.26929,6.26929
4,0.220808,16,76.3885,0.407274,1,25.4548,6.74203,6.74203
5,0.0274234,63,2.34939,0.488623,0,55.1493,5.92006,6.74203
6,0.132918,6,61.4523,0.238753,1,82.5893,6.50331,6.74203
7,0.171781,50,19.5629,0.282946,0,32.1208,6.0885,6.74203
8,0.466,49,39.8789,0.0434583,1,2.89083,5.97535,6.74203
9,0.413822,21,22.3144,0.308361,0,77.0214,5.94131,6.74203
10,0.0001,1,100,0.5,1,100,6.43383,6.74203
11,0.5,1,100,0.5,1,0.01,5.91793,6.74203
12,0.0001,1,0.01,0.0001,1,100,0.0620007,6.74203
13,0.000100359,1,100,0.5,0,0.01,5.8758,6.74203
14,0.5,99,100,0.5,1,0.01,5.71077,6.74203
15,0.499994,21,99.9997,0.499992,0,0.0193753,5.6379,6.74203
16,0.000143355,60,99.9995,0.499989,1,99.9981,6.53405,6.74203
17,0.499999,53,99.9987,0.499989,1,99.9987,6.15152,6.74203
18,0.000142358,59,100,0.49999,1,0.0182988,5.79682,6.74203
19,0.0001,1,100,0.0001,0,100,5.89205,6.74203
20,0.000143762,1,83.8987,0.300721,1,99.9985,6.68576,6.74203
21,0.000143632,1,79.4744,0.253027,1,0.019982,5.84195,6.74203
22,0.000124187,1,67.3572,0.499991,1,99.9976,6.51155,6.74203
23,0.000143626,1,44.4437,0.499988,1,99.9981,6.5941,6.74203
24,0.499999,1,56.3298,0.391069,1,99.9982,6.37195,6.74203
25,0.00014061,1,73.5933,0.41035,0,99.9983,5.86626,6.74203
26,0.000144495,1,37.3305,0.499989,1,0.0200941,5.49165,6.74203
27,0.499993,99,80.7495,0.325075,1,99.9977,6.11978,6.74203
28,0.499993,1,60.2024,0.241274,1,99.9985,6.33185,6.74203
29,0.0001,1,72.5523,0.5,1,100,6.69559,6.74203
30,0.00012975,99,69.7028,0.5,1,99.9951,6.13801,6.74203
31,0.49999,1,55.634,0.499996,0,99.9989,6.05771,6.74203
32,0.00137647,1,64.2118,0.328295,1,99.8598,6.59618,6.74203
33,0.0001,1,65.8644,0.330405,1,100,6.53431,6.74203
34,0.0001,1,79.1625,0.367473,1,100,6.83933,6.83933
35,0.262983,77,95.5121,0.484675,0,34.6663,6.08648,6.83933
36,0.0001,3,71.6086,0.363706,1,100,6.56508,6.83933
37,0.0001,1,75.2302,0.42263,1,100,6.47206,6.83933
38,0.000143929,99,60.0739,0.269275,0,99.9982,5.91717,6.83933
39,0.0001,1,97.7958,0.302776,1,99.9952,6.74596,6.83933
40,0.499991,1,85.8342,0.319925,1,99.9974,6.41747,6.83933
41,0.000144209,1,82.2632,0.344776,1,66.196,6.64606,6.83933
42,0.000146697,1,81.5731,0.347623,1,66.8033,6.63954,6.83933
43,0.212052,1,77.2441,0.353,1,65.811,6.43607,6.83933
44,0.000155987,1,97.1524,0.318199,1,72.7733,6.72702,6.83933
45,0.000164963,1,94.3956,0.324082,1,72.7469,6.56265,6.83933
46,0.416881,1,77.7805,0.343685,1,65.7864,6.69358,6.83933
47,0.0299058,1,75.1408,0.376126,1,67.5166,6.59828,6.83933
48,0.424578,1,88.5669,0.302687,1,66.4478,6.33095,6.83933
49,0.00014022,1,70.4017,0.391505,1,67.394,6.62707,6.83933
50,0.000134549,1,89.3519,0.382102,1,78.1608,6.54996,6.83933
51,0.000149138,1,67.6649,0.369477,1,65.8984,6.58576,6.83933
52,0.000298566,1,100,0.334161,1,99.9577,6.71108,6.83933
53,0.000142917,1,88.4139,0.283107,1,73.352,6.47567,6.83933
54,0.000143163,1,96.8403,0.322377,0,78.6554,5.71939,6.83933
55,0.000143022,99,77.6226,0.359043,1,73.4152,6.38424,6.83933
56,0.49999,1,68.3977,0.395918,1,69.4002,6.546,6.83933
57,0.317735,79,7.88677,0.0995727,0,63.8724,5.8642,6.83933
58,0.499994,1,70.826,0.405816,1,71.6813,6.48615,6.83933
59,0.499994,1,63.9929,0.32867,1,60.7433,6.68003,6.83933
60,0.499993,1,63.4816,0.345684,1,63.1241,6.33981,6.83933
61,0.000544507,1,97.884,0.403414,1,99.9045,6.67984,6.83933
62,0.000134275,1,77.8067,0.140653,1,99.9974,6.34681,6.83933
63,0.000142806,1,76.4852,0.499999,1,99.9973,6.47102,6.83933
64,0.000143277,1,85.3538,0.499981,1,99.9981,6.65759,6.83933
65,0.000141379,1,64.3387,0.499972,1,99.9969,6.53694,6.83933
66,0.000139713,1,85.4532,0.000156671,1,99.9982,4.05583,6.83933
67,0.000141602,1,58.7386,0.499986,1,99.9983,6.60843,6.83933
68,0.000143054,1,59.2428,0.499984,1,99.9983,6.50456,6.83933
69,0.000146904,1,60.4248,0.49999,1,99.9967,6.55698,6.83933
70,0.231046,1,62.7719,0.499999,1,99.9948,6.68963,6.83933
71,0.000144268,1,55.1077,0.499989,1,99.9975,6.79493,6.83933
72,0.00014444,1,99.9979,0.388681,1,98.0976,6.58757,6.83933
73,0.000144651,1,51.7531,0.413527,1,99.9981,6.75995,6.83933
74,0.000144821,1,58.5697,0.414515,1,99.9972,6.86165,6.86165
75,0.00014411,1,99.9982,0.337272,1,98.7983,6.49714,6.86165
76,0.000173522,1,23.2936,0.415215,1,99.9975,6.46289,6.86165
77,0.000144088,1,99.9982,0.423222,1,99.9976,6.7739,6.86165
78,0.000143706,1,99.9976,0.419147,1,84.0913,6.51579,6.86165
79,0.00116436,1,46.2279,0.349276,1,99.904,6.65792,6.86165
80,0.000144216,99,64.8963,0.415585,1,99.9975,6.0705,6.86165
81,0.00014192,32,99.9968,0.253951,1,91.7826,6.47881,6.86165
82,0.499993,1,99.9984,0.409726,1,99.9977,6.43898,6.86165
83,0.499993,1,99.9981,0.24877,1,72.2241,6.32755,6.86165
84,0.000147405,1,60.5447,0.417947,1,73.8059,6.75265,6.86165
85,0.000141108,1,63.5807,0.357382,1,74.402,6.67814,6.86165
86,0.00013627,1,61.7784,0.428023,1,75.6792,6.61289,6.86165
87,0.000518526,1,4.96778,0.400366,1,99.9733,6.28833,6.86165
88,0.000583971,1,100,0.363165,1,99.964,6.74503,6.86165
89,0.487611,13,85.9834,0.0933222,0,2.61577,5.92288,6.86165
90,0.000144897,99,99.9976,0.234911,1,73.9977,6.35744,6.86165
91,0.000144377,1,99.9975,0.359109,1,70.2879,6.75011,6.86165
92,0.000143273,1,99.9985,0.418177,1,73.1336,6.64174,6.86165
93,0.000145244,1,99.9974,0.340155,1,73.7216,6.57469,6.86165
94,0.000137905,1,62.1337,0.319382,1,99.9955,6.53405,6.86165
95,0.000137368,1,78.3124,0.432113,1,99.9994,6.68732,6.86165
96,0.000136201,1,99.9993,0.421279,1,100,6.54549,6.86165
97,0.000147155,1,66.466,0.387885,1,70.5359,6.7594,6.86165
98,0.000148123,1,68.6644,0.431689,1,74.2733,6.63246,6.86165
99,0.000147552,1,99.9975,0.368112,1,65.1292,6.78488,6.86165
100,0.000143397,1,99.998,0.336477,1,65.9258,6.6368,6.86165
101,0.000198933,1,81.1251,0.377338,1,99.9899,6.55122,6.86165
102,0.000145453,1,99.9977,0.42257,1,68.8604,6.62618,6.86165
103,0.499989,1,58.9431,0.428454,1,86.392,6.51425,6.86165
104,0.00014693,44,99.9977,0.344927,1,77.6303,6.44967,6.86165
105,0.000145218,1,47.7686,0.332528,1,68.3438,6.606,6.86165
106,0.000141937,1,56.7332,0.387852,1,65.8961,6.64167,6.86165
107,0.000139315,1,99.9959,0.288748,1,66.299,6.57256,6.86165
108,0.49999,1,80.0681,0.36071,1,80.0932,6.45764,6.86165
109,0.000147279,1,63.2719,0.437691,1,75.3897,6.38042,6.86165
110,0.5,99,99.9991,0.18981,1,40.4462,6.01169,6.86165
111,0.395121,5,25.8162,0.00695184,0,95.471,5.89525,6.86165
112,0.00113326,1,100,0.456517,1,99.9991,6.60356,6.86165
113,0.000371913,1,74.6508,0.381646,1,99.7925,6.59382,6.86165
114,0.0001,1,99.9976,0.346456,1,99.9919,6.58918,6.86165
115,0.431283,1,99.9998,0.322231,1,99.9995,6.36188,6.86165
116,0.000145355,1,55.8922,0.329294,1,52.6363,6.65453,6.86165
117,0.0001,1,99.9985,0.348775,1,47.2402,6.46257,6.86165
118,0.499992,1,21.5822,0.313559,1,93.8645,6.41855,6.86165
119,0.499489,1,99.9985,0.437226,1,99.9978,6.42841,6.86165
120,0.000136931,1,25.1801,0.438041,1,99.9986,6.21388,6.86165
121,0.000622676,1,100,0.398345,1,99.9858,6.53547,6.86165
122,0.499994,1,99.9982,0.303222,1,35.3162,6.38668,6.86165
123,0.000144441,1,62.559,0.298361,1,99.9975,6.4883,6.86165
124,0.000143294,43,99.9984,0.200055,1,99.9976,6.51972,6.86165
125,0.00014475,1,99.998,0.200063,1,33.6174,6.72296,6.86165
126,0.000140818,1,99.998,0.204689,1,36.3505,6.4593,6.86165
127,0.000145724,99,99.9967,0.184273,1,32.9945,5.95397,6.86165
128,0.499993,1,99.9983,0.200725,1,99.9975,6.40305,6.86165
129,0.00014544,1,99.9984,0.261341,1,99.9971,6.28857,6.86165
130,0.00015487,1,100,0.358179,1,99.9945,6.79412,6.86165
131,0.000144466,1,99.9983,0.321816,1,99.9982,6.61966,6.86165
132,0.000144468,1,99.9984,0.40029,1,99.9976,6.69682,6.86165
133,0.333638,48,74.3497,0.0615318,0,65.1819,5.8382,6.86165
134,0.000144441,1,99.9983,0.400257,1,99.9976,6.70091,6.86165
135,0.000149971,1,99.9982,0.40307,1,99.9997,6.68258,6.86165
136,0.00014516,1,99.9974,0.299857,1,99.9976,6.58665,6.86165
137,0.000143581,1,55.4121,0.357283,1,99.9977,6.53871,6.86165
138,0.000144365,1,44.6084,0.28917,1,99.9982,6.43493,6.86165
139,0.00120164,1,100,0.417857,1,99.9605,6.82782,6.86165
140,0.000270427,1,100,0.423852,1,99.9326,6.56917,6.86165
141,0.000700131,1,100,0.411856,1,99.8662,6.58239,6.86165
142,0.499996,1,99.9978,0.361649,1,99.9974,6.49436,6.86165
143,0.0001,69,99.9972,0.342277,1,99.9992,6.20568,6.86165
144,0.000366295,1,62.4715,0.41926,1,99.96,6.57773,6.86165
145,0.47652,1,99.9978,0.274959,1,46.929,6.26118,6.86165
146,0.000150216,1,100,0.379935,1,56.1812,6.5938,6.86165
147,0.000291003,1,100,0.417132,1,99.6699,6.69731,6.86165
148,0.000146286,1,52.2103,0.320434,1,41.9589,6.60934,6.86165
149,0.000145119,1,68.0479,0.380507,1,99.9976,6.54578,6.86165
150,0.000473251,1,100,0.5,1,99.9601,6.44969,6.86165
151,0.000120862,1,99.9991,0.389323,1,58.7094,6.71891,6.86165
152,0.000140087,1,99.9974,0.375605,1,49.5528,6.59115,6.86165
153,0.000807618,1,100,0.443959,1,99.6093,6.66316,6.86165
154,0.000132512,1,99.9964,0.329462,1,50.9428,6.59154,6.86165
155,0.163647,62,26.4297,0.0324541,0,14.8535,5.88518,6.86165
156,0.000149156,1,23.2828,0.345972,1,47.8773,6.54708,6.86165
157,0.000154717,49,51.7125,0.317288,1,61.5546,6.39749,6.86165
158,0.000159744,1,59.3859,0.388415,1,99.9993,6.59136,6.86165
159,0.000150995,1,100,0.218346,0,99.9968,6.07856,6.86165
160,0.00116988,1,100,0.402341,1,99.6999,6.75504,6.86165
161,0.000132395,1,99.9994,0.452712,1,99.9977,6.65698,6.86165
162,0.000144409,38,99.9993,0.434152,1,99.9979,6.62012,6.86165
163,0.499992,1,100,0.425683,1,99.9994,6.66722,6.86165
164,0.499995,1,51.4112,0.447626,1,99.9988,6.47728,6.86165
165,0.000425919,1,100,0.400361,1,99.8595,6.54747,6.86165
166,0.000460807,1,60.4746,0.41911,0,99.9495,6.05061,6.86165
167,0.499997,1,99.9979,0.197807,1,2.67491,6.22783,6.86165
168,0.000143737,34,99.9982,0.376327,1,66.1818,6.42312,6.86165
169,0.499993,70,99.9982,0.225993,1,100,5.93721,6.86165
170,0.499981,1,0.0192389,0.5,1,100,6.36813,6.86165
171,0.499987,1,100,0.391996,1,59.1607,6.62366,6.86165
172,0.499993,1,49.2006,0.376039,1,52.0805,6.32682,6.86165
173,0.000132326,1,99.9977,0.329696,1,46.8984,6.48423,6.86165
174,0.00179856,1,100,0.397389,1,99.7576,6.62759,6.86165
175,0.000145493,1,99.9975,0.271686,1,47.7428,6.57983,6.86165
176,0.000145921,1,0.0966227,0.348375,1,99.9981,6.56703,6.86165
177,0.429226,37,71.7184,0.190769,1,46.856,6.42397,6.86165
178,0.000145112,1,0.0201448,0.348156,1,99.9985,6.27422,6.86165
179,0.000151151,1,100,0.459236,1,99.9991,6.66908,6.86165
180,0.000150197,1,9.38041,0.268974,1,50.4543,6.37784,6.86165
181,0.00014754,34,62.9332,0.440981,1,99.9981,6.29835,6.86165
182,0.000118161,1,99.9985,0.349056,1,17.5494,6.81602,6.86165
183,0.00014123,1,99.9929,0.331383,1,9.70671,6.44929,6.86165
184,0.000136549,1,99.9984,0.366025,1,23.5679,6.43517,6.86165
185,0.0001,1,98.9736,0.322956,1,99.8198,6.63796,6.86165
186,0.00010448,1,100,0.360452,1,99.8774,6.50215,6.86165
187,0.000721714,1,100,0.424529,1,99.961,6.62532,6.86165
188,0.000864775,1,100,0.379352,1,99.9735,6.63278,6.86165
189,0.000240466,1,100,0.36767,1,99.6808,6.57075,6.86165
190,0.000146806,53,99.9984,0.288058,1,12.3446,6.35867,6.86165
191,0.000143794,1,100,0.413548,1,55.6636,6.74831,6.86165
192,0.000726109,1,100,0.418925,1,99.7322,6.66688,6.86165
193,0.499986,1,0.0213507,0.340851,1,0.0211483,6.36037,6.86165
194,0.000217526,1,100,0.416863,1,99.9403,6.53764,6.86165
195,0.499985,1,0.0208198,0.312693,1,0.021461,6.42359,6.86165
196,0.117502,99,0.0193397,0.314586,1,0.0210963,6.14327,6.86165
197,0.00013117,1,69.5393,0.385983,1,26.2915,6.3922,6.86165
198,0.000141331,1,0.0183546,0.261872,1,99.9982,6.49317,6.86165
199,0.190576,42,92.7313,0.223613,0,63.1593,6.04056,6.86165
200,0.000144258,1,0.019031,0.261502,1,99.9982,6.32906,6.86165
201,0.000148439,1,0.0199712,0.375259,1,38.1271,6.78366,6.86165
202,0.000149419,1,0.020039,0.373637,1,17.2745,6.55011,6.86165
203,0.000142953,1,0.019586,0.369877,1,96.2411,6.31646,6.86165
204,0.000141042,1,100,0.420394,1,50.3073,6.49272,6.86165
205,0.000142671,1,45.2275,0.345698,1,0.01,6.01584,6.86165
206,0.499996,1,0.0192921,0.444004,1,99.9985,6.46867,6.86165
207,0.494852,1,0.0174287,0.499995,1,99.9992,6.65991,6.86165

Best eval with params:
eval (mc_estimate_expected_utility) = 6.86165
smbts_search_temp_decay_visits_scale = 99.9972
smbts_epsilon = 0.414515
smbts_search_temp = 58.5697
smbts_use_search_temp_decay = 1
sm_split_visit_thresh = 1
sm_l_inf_thresh = 0.000144821
