env_id,alg_id,search_runtime,max_trial_length,rollouts_per_mc_eval,num_repeats,num_threads
deep-sea-treasure-v0,smdents,20,50,1024,5,16

hp_opt_iter,sm_l_inf_thresh,sm_split_visit_thresh,smbts_search_temp,smbts_epsilon,smbts_use_search_temp_decay,smbts_search_temp_decay_visits_scale,smdents_entropy_temp_init,smdents_entropy_temp_visits_scale,eval(mc_estimate_expected_utility),best_eval_so_far
MIN,0.0001,1,0.01,0.0001,0,0.01,0.001,0.01,MIN
MAX,0.5,100,100,0.5,1,100,100,100,MAX
0,0.352744,60,26.4024,0.350814,1,25.2579,98.8629,70.3722,6.06264,6.06264
1,0.186993,24,74.4612,0.148642,0,57.527,23.6673,36.0287,6.18288,6.18288
2,0.414131,17,48.3074,0.0862692,1,13.5001,18.6923,27.0488,6.02737,6.18288
3,0.320019,90,61.3547,0.460838,1,93.248,9.44663,11.2527,6.05632,6.18288
4,0.116581,79,11.2419,0.20587,0,0.278179,64.1187,45.4431,5.83182,6.18288
5,0.0509185,6,34.7033,0.15761,1,34.1057,30.5128,63.2597,6.58186,6.58186
6,0.259511,87,80.8472,0.00230748,1,73.1603,78.0795,98.4779,5.20333,6.58186
7,0.458925,33,51.25,0.436215,0,61.8505,82.542,89.7874,5.45836,6.58186
8,0.23897,67,94.0604,0.337914,0,46.1025,49.1147,5.31605,5.92702,6.58186
9,0.000851951,50,9.42473,0.262475,0,86.0694,57.4345,58.5249,5.56021,6.58186
10,0.000148436,1,0.0192681,0.00014808,1,99.9976,29.4459,99.9978,1.68595,6.58186
11,0.5,99,100,0.5,0,0.01,0.001,0.01,5.99816,6.58186
12,0.5,99,99.9963,0.499984,0,0.0201085,28.7748,0.0139788,5.99486,6.58186
13,0.000142602,99,99.9992,0.499986,0,0.0170326,13.8598,0.0183546,5.58461,6.58186
14,0.0512063,7,22.4986,0.100545,1,0.01,0.001,76.2263,5.99138,6.58186
15,0.499987,1,99.9982,0.499987,0,0.0188215,42.3075,99.9975,5.56405,6.58186
16,0.0001,1,0.01,0.5,1,0.01,100,0.01,6.66613,6.66613
17,0.0001,1,0.01,0.5,1,0.01,100,0.01,6.64522,6.66613
18,0.00014285,1,0.0193495,0.499991,1,0.0158405,91.7895,0.01888,6.6054,6.66613
19,0.0001,1,0.01,0.5,1,0.01,100,0.01,6.74652,6.74652
20,0.000124898,1,0.01,0.5,1,19.9599,99.9951,0.0188204,6.64544,6.74652
21,0.000144378,1,0.0187523,0.40743,1,15.1997,0.00950272,0.0189836,6.50175,6.74652
22,0.000149763,1,0.0190934,0.378464,1,11.5431,99.9985,0.0195947,6.38717,6.74652
23,0.000145443,1,76.2473,0.326405,1,17.4074,99.9983,0.0191975,6.62889,6.74652
24,0.000132856,1,64.7963,0.311648,1,22.3471,0.0118783,0.0219595,6.60549,6.74652
25,0.000146757,1,99.9981,0.220294,1,24.712,99.9984,0.0198366,6.83144,6.83144
26,0.000139217,1,99.9985,0.196784,1,26.0608,99.998,0.0192072,6.60456,6.83144
27,0.000128065,1,99.9981,0.25752,1,21.5343,99.9976,99.9982,6.40744,6.83144
28,0.000152187,1,99.9981,0.224765,1,26.5881,0.0105573,0.0201666,6.77453,6.83144
29,0.000147094,99,99.9979,0.204784,1,26.2593,0.0109682,0.0200076,6.16864,6.83144
30,0.000148249,1,99.9981,0.49999,1,20.0397,99.9975,27.5023,6.65315,6.83144
31,0.000105614,1,99.998,0.499968,1,19.5795,99.9957,25.673,6.55593,6.83144
32,0.000150298,1,100,0.499986,0,21.6581,99.9986,0.0192239,5.80354,6.83144
33,0.000144339,1,0.0193891,0.00015883,1,24.2196,100,19.9544,2.4904,6.83144
34,0.0001,99,100,0.5,1,0.0104995,0.001,100,6.09865,6.83144
35,0.486387,1,100,0.5,1,0.01,0.001,0.01,6.0519,6.83144
36,0.000160895,25,99.9955,0.49999,1,5.25523,0.0185698,0.01,5.90286,6.83144
37,0.49998,1,99.9972,0.49998,1,36.0346,0.0127693,0.01,6.62183,6.83144
38,0.499993,99,99.998,0.499993,1,53.0884,0.0111001,0.0193897,6.0114,6.83144
39,0.000122074,99,99.9987,0.499984,0,28.4294,0.00877357,100,5.74575,6.83144
40,0.499989,1,0.0192664,0.245465,1,0.0199464,67.4419,0.0199267,6.26042,6.83144
41,0.000147902,1,99.9982,0.215565,1,99.9993,22.0155,0.019331,6.34514,6.83144
42,0.00014271,99,99.9987,0.280816,1,0.0186463,99.9976,0.0200594,5.75892,6.83144
43,0.000148692,1,0.0187884,0.448063,1,0.0186513,99.9966,99.9995,6.61087,6.83144
44,0.00014846,1,99.9986,0.43386,1,0.0193159,99.9978,0.0193521,6.01074,6.83144
45,0.000146699,1,0.0205364,0.212609,1,99.9992,0.00963878,99.9979,6.4808,6.83144
46,0.499992,1,99.9975,0.192616,1,40.7114,72.3947,99.9985,6.44148,6.83144
47,0.000141602,1,0.0198702,0.201761,1,0.0182297,0.00955487,99.9983,6.24872,6.83144
48,0.499998,1,82.3067,0.339244,1,99.9988,0.00747031,99.9973,6.32973,6.83144
49,0.499992,1,99.9998,0.233828,1,99.9984,0.00910957,99.9952,6.28035,6.83144
50,0.405107,1,0.017459,0.488452,1,100,100,100,6.48952,6.83144
51,0.0001,1,0.0209399,0.499985,1,0.01,99.9975,99.9997,6.72655,6.83144
52,0.000187184,1,0.0166213,0.499991,1,99.9983,99.9976,99.9994,6.7075,6.83144
53,0.000148789,1,0.0190797,0.470735,1,99.9995,99.9993,99.9986,6.4189,6.83144
54,0.499999,1,0.017221,0.5,1,0.0190473,100,99.9989,6.38601,6.83144
55,0.49998,1,0.0187976,0.444192,1,100,99.9982,99.9994,6.36451,6.83144
56,0.104283,12,98.5861,0.189992,1,48.7863,51.7832,14.4341,6.62764,6.83144
57,0.499979,1,0.0189182,0.444684,1,99.9995,99.9988,99.999,6.3897,6.83144
58,0.000147935,1,0.0188004,0.471673,1,0.0185443,0.00948516,99.9987,6.30745,6.83144
59,0.000146746,1,99.998,0.19113,1,99.9995,99.9977,0.0200065,6.55179,6.83144
60,0.00014167,1,99.9977,0.173939,1,44.8212,99.999,0.0194461,6.47781,6.83144
61,0.000149302,1,99.9983,0.18539,1,0.0199356,0.0109231,0.0199526,6.06704,6.83144
62,0.000146715,1,99.9981,0.252441,1,99.9995,99.9976,0.0199709,6.60099,6.83144
63,0.000146915,1,99.9981,0.288902,1,99.9995,99.9976,0.0199581,6.62842,6.83144
64,0.000146999,1,99.998,0.231526,1,99.9995,99.9975,0.0197665,6.49724,6.83144
65,0.000154016,1,99.9977,0.270855,1,0.0183716,0.0101927,0.0193733,6.25206,6.83144
66,0.0531835,1,0.0195316,0.21184,1,99.9989,99.9981,0.0197301,6.44373,6.83144
67,0.499991,1,99.9983,0.176008,1,99.9992,99.9984,0.0195538,6.49943,6.83144
68,0.499989,42,99.9988,0.191066,1,99.9983,99.9959,0.0203319,5.90836,6.83144
69,0.000147407,1,0.01,0.31108,1,99.9975,99.9975,99.9998,6.41394,6.83144
70,0.000144607,1,99.9998,0.21435,1,99.9974,99.9995,99.9967,6.51465,6.83144
71,0.12654,20,99.9968,0.196726,1,50.4941,49.2089,13.0101,6.58307,6.83144
72,0.259825,33,99.9912,0.196916,1,52.5573,53.2282,14.213,6.34821,6.83144
73,0.0797632,8,96.2846,0.334455,1,76.0699,56.2609,13.0785,6.68262,6.83144
74,0.0514391,1,88.9456,0.485633,1,99.0145,50.2063,13.332,6.61522,6.83144
75,0.125242,10,98.5974,0.487002,1,85.5175,53.1347,12.0354,6.49422,6.83144
76,0.209176,8,99.9976,0.488052,1,93.6854,45.4723,13.9323,6.49483,6.83144
77,0.255955,1,99.9972,0.489757,1,96.2604,56.0123,14.0891,6.59558,6.83144
78,0.443226,69,60.1092,0.241716,0,45.0659,98.0728,28.4307,5.76961,6.83144
79,0.227424,1,99.9982,0.489167,1,96.4365,55.983,14.0875,6.86223,6.86223
80,0.5,1,99.9998,0.48772,1,95.83,55.2078,14.34,6.07364,6.86223
81,0.000152993,1,78.4922,0.310033,1,60.7096,59.5842,12.9288,6.66267,6.86223
82,0.000148158,1,0.019651,0.321945,0,10.7067,53.1514,13.2242,6.5437,6.86223
83,0.000147243,1,6.44911,0.317397,0,9.51054,59.1645,11.7099,5.81545,6.86223
84,0.000153504,1,25.5242,0.280966,0,100,50.0648,14.5553,5.84221,6.86223
85,0.000149199,37,99.9989,0.499989,1,19.0745,59.1254,13.2455,6.52469,6.86223
86,0.000145455,45,99.9987,0.499993,1,19.9695,48.5425,12.3629,6.2501,6.86223
87,0.000148937,9,99.9973,0.499986,1,0.0193003,62.8505,14.2225,6.12855,6.86223
88,0.00014311,47,99.9995,0.499985,1,0.0198438,39.5944,14.5821,5.75536,6.86223
89,0.0479979,6,30.51,0.168839,1,30.127,33.2351,65.383,6.40282,6.86223
90,0.0975851,13,62.7406,0.190461,1,63.247,21.2413,64.116,6.32652,6.86223
91,0.138536,20,55.0278,0.281463,1,54.0716,27.982,61.442,6.49026,6.86223
92,0.203846,20,97.1269,0.291273,1,55.3368,23.8375,67.0843,6.45314,6.86223
93,0.239162,66,76.6273,0.11707,1,42.1754,30.746,63.8573,6.31494,6.86223
94,0.107085,67,95.6942,0.477343,1,22.4705,32.8876,66.7343,6.256,6.86223
95,0.204792,69,86.7071,0.372458,1,56.9619,19.4747,61.9804,5.94167,6.86223
96,0.481111,25,77.2145,0.329363,1,50.5128,31.4103,69.3258,6.34712,6.86223
97,0.464139,74,88.942,0.330145,1,19.9331,17.6491,67.631,5.83892,6.86223
98,0.300703,1,99.9948,0.499997,1,0.0209027,37.4503,63.1727,6.15224,6.86223
99,0.336657,1,99.9974,0.499987,1,0.0196665,26.8051,59.3362,5.83739,6.86223
100,0.358324,95,20.1974,0.393279,0,41.9973,1.47376,61.7974,6.1088,6.86223
101,0.323403,31,99.9985,0.499991,1,0.0211051,41.4276,69.5138,5.82594,6.86223
102,0.34064,1,55.3785,0.000148121,1,60.3743,21.684,62.243,3.83785,6.86223
103,0.000145669,7,99.9991,0.467435,1,46.2791,53.6755,13.4234,6.51003,6.86223
104,0.000142683,1,38.4094,0.000153906,1,22.0839,55.4965,12.6926,3.53361,6.86223
105,0.000145849,46,99.9972,0.49999,1,99.9983,54.0393,15.8337,6.35932,6.86223
106,0.46628,7,99.9993,0.499988,0,99.9976,61.7308,15.3535,5.91047,6.86223
107,0.000161353,1,0.0187089,0.000115836,1,38.7322,38.1798,62.8015,1.80253,6.86223
108,0.47988,99,99.9983,0.499989,1,99.9974,53.4053,13.8821,6.05078,6.86223
109,0.191422,1,0.01,0.0001,1,99.9965,0.0169921,2.54353,1.5712,6.86223
110,0.290969,1,99.9981,0.499986,1,99.9974,49.5913,16.3393,6.48517,6.86223
111,0.276185,1,99.9202,0.48891,1,96.4737,82.2843,0.01,6.47975,6.86223
112,0.499984,1,99.999,0.49999,1,22.1524,47.0629,15.3517,6.44505,6.86223
113,0.499991,1,69.5806,0.296788,1,0.018573,99.9984,0.0190682,6.10003,6.86223
114,0.000148923,1,64.6165,0.216863,1,0.0197899,99.9994,99.9974,5.91568,6.86223
115,0.00014823,1,99.9966,0.210288,0,0.0201737,0.0114328,0.0205429,6.05808,6.86223
116,0.000133211,1,35.8144,0.341754,1,99.9976,0.0114499,0.0190288,6.38544,6.86223
117,0.00014588,1,99.9996,0.306322,1,99.9975,0.00910325,0.0200248,6.64702,6.86223
118,0.000134354,1,99.9995,0.305485,1,99.9994,0.00739135,0.0214656,6.6055,6.86223
119,0.000151973,1,99.9974,0.35313,1,99.9993,0.0121204,0.0182327,6.50223,6.86223
120,0.00013249,1,21.8929,0.487277,1,99.9993,0.00567132,0.0216468,6.7105,6.86223
121,0.000131984,1,22.1625,0.487765,1,99.9917,0.00449277,0.0202787,6.669,6.86223
122,0.000172505,1,24.6467,0.471882,1,99.9971,0.0122872,0.0175659,6.58635,6.86223
123,0.0001,1,0.49053,0.487809,1,100,100,0.01,6.33986,6.86223
124,0.000149148,35,0.0168122,0.499993,1,99.9976,100,0.0197033,6.70714,6.86223
125,0.0001,1,0.01,0.5,1,100,0.001,0.01,6.60415,6.86223
126,0.000149586,29,0.0203148,0.473657,1,99.9982,100,0.0185196,6.38569,6.86223
127,0.000136535,1,0.01,0.453137,1,99.9988,0.00856886,0.0176462,6.5469,6.86223
128,0.000102844,1,37.7404,0.5,1,99.9962,97.0041,99.9991,6.73879,6.86223
129,0.000143607,1,24.7726,0.5,1,100,1.96781,100,6.6465,6.86223
130,0.000109002,1,29.6051,0.5,1,99.9995,14.957,99.9995,6.70089,6.86223
131,0.0001,1,0.01,0.5,1,100,0.001,100,6.73656,6.86223
132,0.0318163,92,50.4909,0.109681,1,50.5193,25.7787,64.655,5.95694,6.86223
133,0.0001,1,0.01,0.5,1,100,0.001,100,6.50488,6.86223
134,0.000148287,1,0.0192174,0.348127,1,99.9993,0.00941302,99.9984,6.27561,6.86223
135,0.000132693,19,0.0224349,0.5,1,99.9919,100,99.9999,6.57039,6.86223
136,0.000153547,23,0.0232302,0.476923,1,99.9999,0.00935134,99.9989,6.18233,6.86223
137,0.00015316,1,0.0170645,0.293669,1,99.9912,0.0112112,0.0182971,6.47536,6.86223
138,0.000153073,1,0.0195112,0.318935,1,99.9951,0.0101399,0.0191871,6.60696,6.86223
139,0.000150515,1,0.0180146,0.377492,1,99.9975,0.0107805,0.0195999,6.50007,6.86223
140,0.000152143,1,0.0205565,0.410672,1,99.9993,0.0112169,0.0182631,6.39312,6.86223
141,0.0001,1,0.01,0.5,1,100,100,0.01,6.44789,6.86223
142,0.000151916,1,0.0202935,0.472158,1,99.9956,99.9969,0.0219318,6.64677,6.86223
143,0.000132334,1,0.0137031,0.334518,1,99.9989,99.9965,0.0229133,6.51675,6.86223
144,0.000150736,1,99.9955,0.32335,1,99.9979,100,86.1427,6.42158,6.86223
145,0.0001578,1,99.9971,0.294621,1,99.9999,0.0100837,99.9959,6.65093,6.86223
146,0.000127679,1,99.9991,0.304582,1,99.998,0.0120192,99.9979,6.55023,6.86223
147,0.00012774,1,99.9973,0.385488,1,99.9986,0.0100949,99.9969,6.4363,6.86223
148,0.5,1,0.01,0.5,1,100,100,0.01,5.92636,6.86223
149,0.000144218,1,0.0194583,0.371444,1,99.9989,99.9974,99.9982,6.54004,6.86223
150,0.000158309,1,0.0260054,0.475036,1,99.9988,99.9955,99.9991,6.56198,6.86223
151,0.000140257,1,0.0192508,0.415227,1,99.9978,99.9976,99.9981,6.73707,6.86223
152,0.000162157,1,38.5639,0.349463,1,100,99.9966,0.0207442,6.59488,6.86223
153,0.000141061,1,0.0203112,0.401179,1,99.9995,99.999,0.0202746,6.5674,6.86223
154,0.138999,80,74.315,0.449536,0,78.7121,53.9595,82.6817,6.16903,6.86223
155,0.000146183,31,0.0200799,0.417123,1,99.9994,99.9979,0.0198557,6.21307,6.86223
156,0.000101028,1,65.1321,0.473713,1,99.9982,100,99.9956,6.64457,6.86223
157,0.000147111,1,72.1124,0.455984,1,99.998,0.00957455,99.9977,6.53359,6.86223
158,0.000137256,1,62.8502,0.433573,1,99.9982,0.0108578,99.9972,6.75451,6.86223
159,0.000148234,1,66.9204,0.469024,1,99.9975,0.018469,99.9951,6.71473,6.86223
160,0.000144435,1,49.7555,0.423059,1,99.9985,0.00989988,99.9988,6.47937,6.86223
161,0.000154277,1,48.0146,0.342254,1,0.0186435,0.00870187,99.9965,5.95832,6.86223
162,0.000132541,1,62.6423,0.476059,1,100,99.998,99.998,6.57087,6.86223
163,0.000157408,1,65.0545,0.465327,1,99.9999,99.9989,99.9987,6.52771,6.86223
164,0.000151699,1,91.3475,0.444243,1,99.9986,0.00956222,0.0183194,6.56672,6.86223
165,0.499992,1,99.9986,0.322533,1,99.9992,100,0.0207207,6.47352,6.86223
166,0.499996,1,99.9982,0.390849,1,99.9975,7.20316,0.019333,6.48914,6.86223
167,0.000148037,1,99.9958,0.385484,1,100,99.9991,99.9944,6.71658,6.86223
168,0.000160742,1,99.9983,0.403166,1,99.9999,99.9988,100,6.83195,6.86223
169,0.000160125,1,99.9981,0.403231,1,99.9998,99.9986,99.999,6.6265,6.86223
170,0.00015563,1,99.9966,0.373168,1,99.9995,99.9997,0.01,6.51639,6.86223
171,0.000146591,1,99.9985,0.415347,1,99.9982,99.9986,99.9991,6.70791,6.86223
172,0.000147317,1,99.999,0.378077,1,99.9996,99.9985,99.9975,6.74069,6.86223
173,0.000149358,1,99.9988,0.407646,1,100,99.999,99.9967,6.67034,6.86223
174,0.000147774,1,99.9969,0.375368,1,99.9992,99.9983,99.997,6.59976,6.86223
175,0.000138455,1,99.9974,0.43068,1,99.9979,99.9985,99.9993,6.75392,6.86223
176,0.22801,77,34.2649,0.211311,1,12.0151,69.8988,19.3312,6.27527,6.86223
177,0.000138876,1,99.9974,0.430672,1,99.9978,99.9985,99.9992,6.60133,6.86223
178,0.000149588,1,99.9973,0.39207,1,99.9998,0.0095641,99.9988,6.69361,6.86223
179,0.000147326,1,99.9967,0.408067,1,99.9999,0.00915609,99.9978,6.55769,6.86223
180,0.0001326,20,99.9991,0.399535,1,99.9977,99.998,99.9983,6.56042,6.86223
181,0.000152301,1,28.5643,0.398869,1,99.998,99.9995,99.9975,6.74048,6.86223
182,0.000150729,1,29.9463,0.398853,1,99.997,99.9989,99.9982,6.45709,6.86223
183,0.49998,1,99.9986,0.393729,1,100,99.9984,99.9998,6.39,6.86223
184,0.000146499,1,99.9975,0.379776,1,0.0184257,29.564,99.9971,6.12012,6.86223
185,0.000147555,1,99.9976,0.3557,1,99.9979,99.9975,0.0199519,6.48567,6.86223
186,0.000147456,1,99.5737,0.398246,1,99.9982,99.9975,0.0190973,6.79058,6.86223
187,0.000146508,1,93.141,0.39937,1,99.9948,99.9996,0.0184411,6.54302,6.86223
188,0.00014903,1,99.9984,0.408235,1,99.998,0.720862,0.0196547,6.7363,6.86223
189,0.000145879,1,64.4872,0.409571,1,99.9981,99.998,0.0196627,6.92239,6.92239
190,0.0001,1,60.6976,0.40686,1,100,100,0.0265977,6.60613,6.92239
191,0.000157335,1,99.9995,0.380119,0,99.9985,0.0126263,0.0188389,5.70247,6.92239
192,0.000155647,1,58.3285,0.429846,1,99.9987,99.9977,0.0198367,6.48902,6.92239
193,0.499985,1,93.1951,0.369528,1,99.9969,99.9992,0.0201651,6.36154,6.92239
194,0.000172517,27,99.9979,0.418075,1,99.9995,99.9957,0.0270237,6.52639,6.92239
195,0.000149931,1,99.9984,0.262513,1,99.9983,0.00997513,0.019598,6.61203,6.92239
196,0.499975,1,46.567,0.411235,1,99.9981,99.9997,57.6627,6.48247,6.92239
197,0.000155915,1,37.1671,0.441741,1,99.9984,0.0110763,0.0196637,6.62213,6.92239
198,0.101192,28,33.141,0.0463181,1,16.8299,70.0947,32.6588,5.92927,6.92239
199,0.000160692,1,35.7675,0.441901,1,99.9981,0.0105227,0.0193557,6.64211,6.92239
200,0.000145639,24,100,0.430467,1,100,0.0105833,100,6.62295,6.92239
201,0.000139941,1,99.9979,0.419877,1,99.9994,0.0113674,0.0181331,6.73682,6.92239
202,0.000148199,1,100,0.434867,1,99.997,0.0106587,0.0193977,6.60887,6.92239
203,0.000118909,1,43.9437,0.409124,1,99.9748,99.9305,0.168372,6.6151,6.92239
204,0.000135969,1,45.662,0.430846,1,99.9989,0.0126807,100,6.6677,6.92239
205,0.000152922,23,65.7664,0.409068,1,99.9974,0.0119568,0.0211203,6.49305,6.92239
206,0.000149759,1,99.9982,0.269643,1,99.9984,0.0108961,0.0195006,6.49395,6.92239

Best eval with params:
eval (mc_estimate_expected_utility) = 6.92239
smdents_entropy_temp_visits_scale = 0.0196627
smbts_search_temp_decay_visits_scale = 99.9981
smbts_epsilon = 0.409571
smbts_search_temp = 64.4872
smdents_entropy_temp_init = 99.998
smbts_use_search_temp_decay = 1
sm_split_visit_thresh = 1
sm_l_inf_thresh = 0.000145879
