env_id,alg_id,search_runtime,max_trial_length,rollouts_per_mc_eval,num_repeats,num_threads
deep-sea-treasure-vamplew-stoch,chmcts,20,50,1024,5,16

hp_opt_iter,czt_bias,czt_ball_split_visit_thresh,eval(mc_estimate_expected_utility),best_eval_so_far
MIN,0.01,1,MIN
MAX,100,100,MAX
0,76.1466,23,-1.22006,-1.22006
1,86.0093,73,-1.59679,-1.22006
2,38.1253,39,-1.34637,-1.22006
3,91.5908,91,-1.31972,-1.22006
4,1.6997,62,-1.12205,-1.12205
5,63.8818,55,-1.70496,-1.12205
6,28.8133,41,-0.944257,-0.944257
7,47.6815,3,-1.27178,-0.944257
8,55.3277,20,-1.91226,-0.944257
9,15.4461,82,-1.15127,-0.944257
10,0.01,1,-0.366811,-0.366811
11,0.01,1,-0.643291,-0.366811
12,0.01,1,-0.638695,-0.366811
13,0.01,1,-0.643421,-0.366811
14,10.8339,1,-1.08555,-0.366811
15,0.01,99,-0.0986741,-0.0986741
16,0.01,99,-0.348445,-0.0986741
17,0.01,99,-0.153942,-0.0986741
18,0.01,99,-0.408881,-0.0986741
19,0.01,99,-0.678731,-0.0986741
20,0.581936,99,-0.733454,-0.0986741
21,70.3486,1,-1.73157,-0.0986741
22,100,1,-1.63505,-0.0986741
23,27.046,99,-1.18663,-0.0986741
24,51.0424,99,-2.12848,-0.0986741
25,0.527956,99,-0.77135,-0.0986741
26,8.63864,2,-1.30312,-0.0986741
27,95.4536,1,-3.11106,-0.0986741
28,78.682,8,-1.41581,-0.0986741
29,3.93504,99,-0.421377,-0.0986741
30,0.01,99,-0.681239,-0.0986741
31,7.64297,99,-0.230055,-0.0986741
32,7.63621,99,-0.736798,-0.0986741
33,0.01,99,-0.606191,-0.0986741
34,18.2142,99,-1.06273,-0.0986741
35,0.01,1,-0.129247,-0.0986741
36,0.01,1,-0.397598,-0.0986741
37,0.01,1,-0.164224,-0.0986741
38,0.01,1,-0.741885,-0.0986741
39,0.01,99,-0.399359,-0.0986741
40,6.28166,99,-0.789889,-0.0986741
41,0.01,1,-0.720078,-0.0986741
42,0.01,99,-0.734145,-0.0986741
43,22.4203,1,-1.51997,-0.0986741
44,0.01,1,-1.0094,-0.0986741
45,0.01,99,-0.29555,-0.0986741
46,0.01,99,-0.073015,-0.073015
47,0.01,99,-0.708897,-0.073015
48,34.6614,99,-1.63241,-0.073015
49,7.03929,99,-0.73646,-0.073015
50,77.182,9,-2.9415,-0.073015
51,0.01,99,-0.772238,-0.073015
52,0.01,1,-0.542889,-0.073015
53,0.01,1,-0.35449,-0.073015
54,0.01,99,-0.156877,-0.073015
55,0.01,99,-0.569455,-0.073015
56,0.01,1,-0.158262,-0.073015
57,0.01,1,-1.23867,-0.073015
58,0.01,99,-0.620888,-0.073015
59,0.01,99,-0.235542,-0.073015
60,12.9313,19,-0.867263,-0.073015
61,0.01,99,-0.169796,-0.073015
62,0.01,99,-0.197299,-0.073015
63,0.01,99,-0.454116,-0.073015
64,0.01,99,-0.535949,-0.073015
65,0.01,99,-0.980443,-0.073015
66,0.01,99,-0.211548,-0.073015
67,0.01,99,-0.157468,-0.073015
68,0.01,99,-0.505444,-0.073015
69,0.01,99,-0.550845,-0.073015
70,11.1404,99,-0.709224,-0.073015
71,0.01,99,-0.631874,-0.073015
72,11.4015,98,-1.10105,-0.073015
73,0.01,1,-0.426544,-0.073015
74,0.01,1,-0.971349,-0.073015
75,0.01,99,-0.14058,-0.073015
76,0.01,99,-0.239274,-0.073015
77,0.01,1,-0.318425,-0.073015
78,0.01,1,-0.31509,-0.073015
79,63.2798,60,-1.22828,-0.073015
80,0.01,1,-0.553515,-0.073015
81,0.01,1,-0.354811,-0.073015
82,0.01,99,-0.620626,-0.073015
83,11.7059,1,-1.24335,-0.073015
84,0.01,99,-0.644003,-0.073015
85,0.01,99,-0.635624,-0.073015
86,0.01,99,-0.446244,-0.073015
87,0.01,99,-0.836806,-0.073015
88,0.01,99,-0.474212,-0.073015
89,0.01,99,-1.256,-0.073015
90,16.675,95,-0.57134,-0.073015
91,25.3723,1,-1.88047,-0.073015
92,0.01,99,-0.858572,-0.073015
93,17.3898,99,-1.05782,-0.073015
94,0.01,99,-0.357962,-0.073015
95,0.01,99,-0.611215,-0.073015
96,8.01575,99,-1.27424,-0.073015
97,0.01,99,-0.178127,-0.073015
98,0.01,99,-0.651437,-0.073015
99,0.01,99,-1.00025,-0.073015
100,40.3246,99,-1.32382,-0.073015
101,0.01,1,-0.815722,-0.073015
102,8.29738,8,-0.930654,-0.073015
103,0.01,1,-0.826675,-0.073015
104,0.01,1,-0.641381,-0.073015
105,41.1441,1,-1.50157,-0.073015
106,8.83426,99,-0.494968,-0.073015
107,8.83426,99,-0.936151,-0.073015
108,8.88158,99,-0.562809,-0.073015
109,9.04135,99,-0.431515,-0.073015
110,21.596,99,-1.05755,-0.073015
111,100,97,-1.09513,-0.073015
112,0.01,51,-0.172025,-0.073015
113,0.01,51,-0.454402,-0.073015
114,0.01,51,-0.292816,-0.073015
115,0.01,51,-0.466947,-0.073015
116,0.01,51,-0.252571,-0.073015
117,0.01,51,-0.954052,-0.073015
118,5.565,50,-1.05902,-0.073015
119,5.565,50,-1.1064,-0.073015
120,0.01,46,-0.208858,-0.073015
121,5.565,50,-0.326935,-0.073015
122,100,99,-1.27309,-0.073015
123,71.5511,99,-1.30568,-0.073015
124,77.8004,99,-1.57522,-0.073015
125,26.4371,99,-1.36828,-0.073015
126,60.603,99,-1.19113,-0.073015
127,0.01,55,-0.5706,-0.073015
128,24.9999,44,-1.27766,-0.073015
129,50.005,98,-1.42981,-0.073015
130,0.01,1,-0.163044,-0.073015
131,0.01,1,-0.525281,-0.073015
132,0.01,1,-0.809358,-0.073015
133,0.01,3,-0.737334,-0.073015
134,0.01,1,-0.416355,-0.073015
135,0.01,1,-0.987252,-0.073015
136,0.01,1,-0.713041,-0.073015
137,0.01,50,-1.25932,-0.073015
138,14.5227,1,-1.44138,-0.073015
139,40.8688,1,-1.64035,-0.073015
140,0.01,99,-0.518237,-0.073015
141,0.01,99,-0.871732,-0.073015
142,8.83426,99,-0.656103,-0.073015
143,5.565,50,-1.07616,-0.073015
144,34.0435,99,-2.11228,-0.073015
145,5.565,50,-0.654733,-0.073015
146,5.565,50,-0.549505,-0.073015
147,5.565,50,-0.755185,-0.073015
148,0.01,99,-0.825726,-0.073015
149,0.01,1,-0.996205,-0.073015
150,5.565,50,-0.939575,-0.073015
151,56.0557,6,-1.73022,-0.073015
152,8.59204,99,-0.561856,-0.073015
153,5.565,50,-1.12219,-0.073015
154,0.01,99,-0.563308,-0.073015
155,0.01,99,-0.268798,-0.073015
156,16.675,95,-0.49512,-0.073015
157,100,99,-0.796301,-0.073015
158,100,99,-1.86145,-0.073015
159,77.8004,99,-0.887348,-0.073015
160,0.01,99,-0.503705,-0.073015
161,0.01,99,-0.369122,-0.073015
162,0.01,99,-0.495341,-0.073015
163,0.382496,47,-0.679872,-0.073015
164,7.45779,63,-0.210813,-0.073015
165,7.46657,63,-1.51852,-0.073015
166,71.5511,99,-2.11778,-0.073015
167,16.675,54,-0.621351,-0.073015
168,0.01,51,-0.461474,-0.073015
169,5.565,61,-0.242234,-0.073015
170,5.565,61,-0.421804,-0.073015
171,12.9717,50,-0.833154,-0.073015
172,5.565,75,-0.358582,-0.073015
173,0.01,99,-0.479247,-0.073015
174,0.01,99,-0.525361,-0.073015
175,0.01,99,-0.469139,-0.073015
176,0.01,99,-1.38475,-0.073015
177,25.3845,2,-1.37454,-0.073015
178,16.675,95,-0.74149,-0.073015
179,0.01,49,-0.190115,-0.073015
180,0.01,27,-0.379969,-0.073015
181,0.01,51,-0.515307,-0.073015
182,0.01,50,-0.185624,-0.073015
183,0.01,48,-0.883862,-0.073015
184,5.565,50,-1.12283,-0.073015
185,0.01,99,-0.138868,-0.073015
186,0.01,99,-0.797536,-0.073015
187,0.0103911,99,-0.766867,-0.073015
188,5.565,50,-0.958345,-0.073015
189,73.6982,85,-1.34356,-0.073015
190,5.565,50,-0.953179,-0.073015
191,12.416,99,-0.748704,-0.073015
192,12.9717,50,-1.02853,-0.073015
193,100,99,-1.73043,-0.073015
194,59.321,99,-1.18412,-0.073015
195,12.4,99,-0.645835,-0.073015
196,88.4364,99,-1.42063,-0.073015
197,12.3769,99,-0.613685,-0.073015
198,26.4371,99,-0.683684,-0.073015
199,9.26196,99,-1.06559,-0.073015
200,51.4346,99,-1.83222,-0.073015
201,0.01,1,-0.523675,-0.073015
202,10.4482,1,-0.76631,-0.073015
203,0.418971,1,-0.671497,-0.073015

Best eval with params:
eval (mc_estimate_expected_utility) = -0.073015
czt_ball_split_visit_thresh = 99
czt_bias = 0.01
