env_id,alg_id,search_runtime,max_trial_length,rollouts_per_mc_eval,num_repeats,num_threads
deep-sea-treasure-vamplew-stoch,smdents,20,50,1024,5,16

hp_opt_iter,sm_l_inf_thresh,sm_split_visit_thresh,smbts_search_temp,smbts_epsilon,smbts_use_search_temp_decay,smbts_search_temp_decay_visits_scale,smdents_entropy_temp_init,smdents_entropy_temp_visits_scale,eval(mc_estimate_expected_utility),best_eval_so_far
MIN,0.0001,1,0.01,0.0001,0,0.01,0.001,0.01,MIN
MAX,0.5,100,100,0.5,1,100,100,100,MAX
0,0.380745,23,35.712,0.181472,1,88.6158,73.018,33.5372,-1.95968,-1.95968
1,0.430053,73,25.0012,0.321807,0,47.5504,28.3836,21.1033,-3.18187,-1.95968
2,0.190658,39,86.8364,0.379858,1,29.656,85.8825,94.2176,-4.30234,-1.95968
3,0.457958,91,43.938,0.287461,0,57.8717,45.449,49.5682,-3.3279,-1.95968
4,0.00854766,62,74.3068,0.0653019,1,35.27,56.9368,1.78596,-2.36016,-1.95968
5,0.319427,55,50.9949,0.114635,0,63.3191,1.22258,74.1985,-2.41348,-1.95968
6,0.144102,41,62.7848,0.439755,1,76.925,14.9782,87.4196,-2.15919,-1.95968
7,0.238434,3,5.26604,0.229567,0,93.2154,98.7363,11.3265,-4.65961,-1.95968
8,0.276661,20,11.9425,0.00345945,1,4.33376,39.7624,58.3713,-2.42164,-1.95968
9,0.0772726,82,97.9118,0.488768,0,17.7984,64.2121,65.9793,-3.19614,-1.95968
10,0.207517,1,58.7652,0.281083,1,63.464,0.00943682,18.1815,-2.80754,-1.95968
11,0.0414235,59,42.1016,0.111488,1,88.6548,9.85232,69.5064,-0.886346,-0.886346
12,0.00588443,65,30.8571,0.020534,1,100,1.72903,77.0224,-2.75369,-0.886346
13,0.0665148,99,0.0190557,0.000148126,0,0.0191494,17.5942,0.0197401,-2.42348,-0.886346
14,0.0744523,1,99.9991,0.499997,1,99.9982,0.0111009,99.9972,-3.1979,-0.886346
15,0.0387021,59,41.9438,0.110206,1,88.8858,24.8166,69.7692,-1.86405,-0.886346
16,0.0001,62,39.2044,0.10021,1,88.9643,36.6241,69.7076,-1.06105,-0.886346
17,0.0001,63,39.156,0.0968738,1,89.01,36.2189,70.0237,-1.76751,-0.886346
18,0.0001,62,39.5789,0.0993946,1,89.2743,36.4233,69.735,-1.37323,-0.886346
19,0.0541646,58,42.2878,0.11103,1,88.6837,30.0056,69.5722,-1.0381,-0.886346
20,0.348852,66,21.9703,0.123537,1,67.268,0.0106402,99.9959,-1.51704,-0.886346
21,0.0400446,27,100,0.120734,1,90.2196,3.51889,76.8498,-2.46646,-0.886346
22,0.289069,87,0.0193518,0.117121,1,0.0184729,99.9986,99.9982,-1.32291,-0.886346
23,0.5,1,0.0167756,0.114626,1,94.6219,100,49.2772,-1.39007,-0.886346
24,0.210237,2,0.0201707,0.117255,1,0.0192147,0.0104756,40.0767,-0.990958,-0.886346
25,0.5,13,0.023692,0.108337,1,0.0183686,0.0103836,100,-2.66078,-0.886346
26,0.0823639,99,0.022111,0.124056,1,99.9973,99.9973,0.0181511,-1.30789,-0.886346
27,0.203468,99,21.3763,0.128111,1,99.9995,100,0.0222232,-1.60202,-0.886346
28,0.0708052,99,0.0188055,0.108576,1,100,92.9855,0.0178852,-0.785383,-0.785383
29,0.0001,99,0.0191275,0.107193,1,99.9945,100,0.017847,-0.998871,-0.785383
30,0.00013219,19,0.0215174,0.115523,1,63.9124,75.7281,22.6539,-2.1407,-0.785383
31,0.276555,99,6.13908,0.0975379,1,99.9977,99.9976,0.0203315,-2.26108,-0.785383
32,0.000155815,99,0.0153817,0.116562,1,99.9988,70.0771,49.77,-1.25115,-0.785383
33,0.000155652,99,0.0207958,0.112884,1,17.2204,79.4827,0.0208057,-1.41034,-0.785383
34,0.000167873,99,0.0207573,0.132382,1,99.9963,26.02,50.4819,-2.59987,-0.785383
35,0.000146613,89,0.0159973,0.0957344,0,99.9967,99.9977,0.0158812,-2.12818,-0.785383
36,0.000148263,1,29.2742,0.118499,1,0.0179455,99.9998,99.9961,-4.64879,-0.785383
37,0.27601,99,0.0201639,0.105798,1,99.9975,0.0118819,0.0210913,-1.69374,-0.785383
38,0.498258,99,45.6893,0.114099,1,99.9989,0.0114308,0.0190056,-1.56956,-0.785383
39,0.5,99,0.0189977,0.133235,1,99.9991,0.00949164,0.0218925,-1.22347,-0.785383
40,0.499993,67,0.0205827,0.111802,1,0.411531,40.8459,37.5225,-3.36739,-0.785383
41,0.000149063,99,67.3515,0.100046,1,99.9989,0.0108574,90.6591,-2.08399,-0.785383
42,0.000127065,28,0.0208639,0.126333,0,99.998,0.0112844,14.325,-1.15194,-0.785383
43,0.297651,1,0.0197201,0.112864,0,99.9964,0.0111194,17.4383,-1.87854,-0.785383
44,0.000142647,59,0.0192341,0.134596,1,99.9969,0.00511921,0.01,-1.09859,-0.785383
45,0.000151868,61,0.020641,0.130833,0,99.9977,0.0113492,17.8183,-1.33971,-0.785383
46,0.0001444,33,0.0193526,0.142153,1,99.9978,0.0115528,14.0482,-1.07657,-0.785383
47,0.000141049,54,70.73,0.133681,1,99.9974,99.9992,0.01,-0.721256,-0.721256
48,0.00120161,51,100,0.13398,1,99.9184,99.8642,0.136606,-1.79633,-0.721256
49,0.000148452,49,99.9982,0.131073,0,99.9999,99.9977,24.4626,-2.71194,-0.721256
50,0.000106583,1,0.0182309,0.127353,1,99.9934,0.00919242,0.0141489,-0.90869,-0.721256
51,0.499989,24,0.0193916,0.130371,1,99.9982,0.0115654,0.0199133,-2.12746,-0.721256
52,0.000136123,42,22.4746,0.124138,1,99.9992,0.0093243,0.0195968,-1.43987,-0.721256
53,0.000140521,13,0.0192945,0.100948,1,99.9979,0.00953876,0.0193459,-1.09973,-0.721256
54,0.000139463,1,0.0183093,0.0980546,1,99.9994,0.00915744,0.0201557,-0.558463,-0.558463
55,0.000139534,1,0.0192187,0.0843242,1,99.9994,0.0116136,0.0182583,-1.1955,-0.558463
56,0.0001396,1,0.0198055,0.0903281,0,99.9978,0.0121011,0.0190223,-2.13399,-0.558463
57,0.00015106,99,0.0186591,0.147083,0,47.8148,0.0113981,0.0207813,-1.44596,-0.558463
58,0.000149438,99,0.0200801,0.116509,0,59.7515,0.0112659,0.0202468,-0.895896,-0.558463
59,0.000127812,99,0.0207058,0.13751,0,100,0.00875045,0.0212669,-1.22884,-0.558463
60,0.10173,97,6.58665,0.114767,1,69.1717,0.0110256,0.0199654,-0.77123,-0.558463
61,0.10729,59,2.21196,0.115908,1,69.9738,0.0110562,0.019773,-1.6368,-0.558463
62,0.168965,99,0.0203285,0.128935,1,37.9614,0.0109807,0.0200782,-1.06115,-0.558463
63,0.106648,99,0.0211041,0.107965,0,62.5298,0.0113132,0.019006,-1.59788,-0.558463
64,0.221321,99,0.019636,0.141165,1,27.5176,0.0102279,0.019961,-1.23173,-0.558463
65,0.0694853,99,39.285,0.113882,1,100,0.0154815,0.0190953,-1.04622,-0.558463
66,0.0939948,99,40.8607,0.129089,1,71.954,0.0124261,0.0217721,-1.0887,-0.558463
67,0.177923,99,51.4312,0.121413,1,27.5673,0.0115172,0.0211455,-2.31544,-0.558463
68,0.107131,9,0.0190739,0.124179,1,99.9999,0.0091092,4.97406,-1.59223,-0.558463
69,0.182519,99,0.0197509,0.131313,1,73.1162,0.0111686,60.0416,-0.59947,-0.558463
70,0.213298,99,0.0207323,0.14237,1,76.1862,0.0102739,59.1594,-1.68073,-0.558463
71,0.148901,99,0.0212505,0.109374,1,99.9991,0.00940781,99.9983,-1.19005,-0.558463
72,0.164695,1,0.0204039,0.121469,1,99.9987,0.00990944,99.9979,-1.08337,-0.558463
73,0.120839,1,33.9273,0.128411,1,99.9982,0.00918077,4.45226,-2.23325,-0.558463
74,0.166207,99,0.0200037,0.107725,1,62.8581,0.00997837,91.3579,-1.44624,-0.558463
75,0.328459,99,0.0216746,0.139476,1,99.998,0.0129512,99.9973,-0.710447,-0.558463
76,0.314334,99,0.020153,0.135955,1,99.9976,75.0391,99.9976,-1.17417,-0.558463
77,0.215844,99,0.0203854,0.132772,0,99.9981,0.0138717,99.9981,-0.938874,-0.558463
78,0.281149,99,0.01669,0.14483,1,61.4381,0.0117624,99.996,-0.976396,-0.558463
79,0.218812,99,0.0194378,0.138165,1,99.9975,0.0104259,99.9981,-0.900143,-0.558463
80,0.499987,99,42.5746,0.149433,1,99.9982,96.2991,68.5616,-1.20968,-0.558463
81,0.499992,99,79.5842,0.153831,1,99.9974,86.9495,99.9985,-2.6096,-0.558463
82,0.000683554,1,0.0937743,0.170007,1,99.8127,0.296414,0.0376885,-1.57348,-0.558463
83,0.5,99,100,0.0001,1,100,100,0.01,-2.76424,-0.558463
84,0.499993,99,99.9979,0.0777462,1,99.9994,99.9974,0.020821,-2.50639,-0.558463
85,0.299348,99,0.0204505,0.146429,0,99.9977,0.0117797,99.9983,-2.27453,-0.558463
86,0.499991,99,0.0196398,0.15688,1,99.9974,0.0115273,99.9977,-0.808111,-0.558463
87,0.499985,99,0.0189806,0.158676,1,53.5083,0.0091699,99.9963,-0.99141,-0.558463
88,0.5,99,0.0100001,0.474862,0,100,0.00867221,0.0187287,-2.02808,-0.558463
89,0.499991,99,0.0194456,0.420997,0,99.9982,0.0112588,0.0201582,-1.83783,-0.558463
90,0.000205044,99,99.994,0.200122,1,0.0347839,0.0268341,45.193,-4.50863,-0.558463
91,0.5,1,0.01,0.5,0,0.0123435,0.00339563,0.0111248,-2.57805,-0.558463
92,0.000150331,99,0.0196591,0.431506,0,0.0196662,0.0108241,0.0202822,-1.7987,-0.558463
93,0.000147708,1,0.0166648,0.445893,1,99.9966,99.999,0.0206783,-2.23081,-0.558463
94,0.499991,1,0.0194131,0.426018,0,0.0190256,0.0100049,99.9979,-2.93293,-0.558463
95,0.0001,99,0.01,0.5,1,100,0.001,100,-1.80028,-0.558463
96,0.499995,99,0.0196226,0.132976,0,63.8173,0.00972282,99.9983,-1.48235,-0.558463
97,0.49999,99,0.0193077,0.101051,0,99.9994,0.0100302,99.9981,-1.20504,-0.558463
98,0.000157146,99,18.0045,0.134556,1,99.9968,0.0084935,99.9953,-1.08371,-0.558463
99,0.000145352,99,0.0247154,0.13113,1,73.7314,0.0102579,99.9982,-1.20404,-0.558463
100,0.000154609,99,0.0213123,0.406403,1,99.9971,0.013638,99.9973,-2.14268,-0.558463
101,0.499974,99,0.0146363,0.5,1,54.5316,99.9989,0.0196351,-1.9602,-0.558463
102,0.000456573,1,0.22153,0.0001,1,99.9364,0.0934248,0.0853449,-1.81611,-0.558463
103,0.499987,99,0.0293494,0.444143,1,44.5431,99.9943,0.0304645,-1.62188,-0.558463
104,0.0001,99,0.01,0.5,0,100,100,0.01,-1.67102,-0.558463
105,0.000150783,99,36.5473,0.463304,0,100,99.998,0.0187642,-2.60405,-0.558463
106,0.499976,99,0.0169358,0.113331,1,99.9994,0.0102169,99.9992,-0.870714,-0.558463
107,0.499971,99,0.0176441,0.113942,1,99.999,0.00716471,99.9999,-1.17871,-0.558463
108,0.499996,99,0.0195122,0.0792404,1,99.9975,0.0109077,99.9973,-1.55086,-0.558463
109,0.000149828,99,27.4674,0.131908,0,99.9995,0.00968815,99.9972,-3.32665,-0.558463
110,0.499989,99,0.0194984,0.145737,1,75.0231,0.0111306,0.0194576,-1.31869,-0.558463
111,0.499988,99,19.3028,0.142672,1,99.9973,0.011724,0.0207475,-1.84084,-0.558463
112,0.499997,99,0.0185535,0.0916581,1,64.9064,0.0110363,0.0198954,-2.22502,-0.558463
113,0.000152973,99,0.0205536,0.0764066,0,54.6426,0.0105883,0.0206574,-1.72889,-0.558463
114,0.499989,1,0.0180795,0.0799218,1,99.9984,99.9973,99.9974,-1.39707,-0.558463
115,0.499991,99,0.0217403,0.139433,1,78.134,99.9978,99.997,-1.83863,-0.558463
116,0.5,1,0.01,0.0001,0,100,100,100,-2.51754,-0.558463
117,0.499966,10,0.0177488,0.118994,1,99.9985,0.0071939,99.9982,-2.3961,-0.558463
118,0.499961,99,39.5624,0.0822496,0,99.9997,99.9999,0.0200106,-3.24275,-0.558463
119,0.0001,99,0.01,0.5,1,0.01,0.001,0.01,-2.09303,-0.558463
120,0.000164788,99,0.0188716,0.435762,1,0.0230081,99.9986,99.9988,-2.55281,-0.558463
121,0.0001,1,0.01,0.5,0,100,0.001,100,-1.24932,-0.558463
122,0.0001,1,0.01,0.5,0,100,0.001,100,-1.55432,-0.558463
123,0.000127183,1,34.7376,0.499998,0,99.9983,0.00954962,99.9996,-3.12265,-0.558463
124,0.5,1,0.01,0.5,1,100,100,100,-2.41472,-0.558463
125,0.000135996,1,0.018933,0.427509,0,99.9992,0.0113697,0.0173015,-1.99104,-0.558463
126,0.499997,1,0.0194028,0.398732,1,99.9993,0.0109126,0.0199069,-2.37724,-0.558463
127,0.499981,99,0.0134818,0.5,0,44.9425,100,99.9965,-2.51143,-0.558463
128,0.0001,99,0.01,0.5,1,100,0.001,0.01,-1.44064,-0.558463
129,0.00015829,99,0.0204024,0.455856,1,100,0.0107853,0.0200893,-1.3257,-0.558463
130,0.000146347,99,51.0555,0.000149473,1,99.9995,99.9974,0.020385,-3.04585,-0.558463
131,0.00015929,99,36.3338,0.499988,1,99.9994,0.00855763,99.986,-1.82439,-0.558463
132,0.000159537,99,0.01,0.0001,1,66.83,0.00872926,99.998,-2.17625,-0.558463
133,0.000149489,99,20.6029,0.448468,1,99.9974,0.0106725,0.0200494,-1.62736,-0.558463
134,0.000154414,99,12.2883,0.0001,1,100,0.012429,100,-0.873781,-0.558463
135,0.000162605,99,12.2022,0.0001,1,100,0.00612539,99.998,-2.61773,-0.558463
136,0.000157258,99,48.1563,0.499991,1,99.9992,99.9977,0.0224959,-1.83255,-0.558463
137,0.000152103,99,13.5234,0.499991,1,59.6293,0.0107379,99.9948,-2.01916,-0.558463
138,0.499993,99,35.7428,0.499995,1,99.9994,0.0116626,99.9976,-2.01474,-0.558463
139,0.499987,1,52.0026,0.000147011,1,100,0.0135989,99.9982,-1.99397,-0.558463
140,0.000143715,99,0.0191806,0.158597,1,99.9979,0.0138539,99.9998,-0.781043,-0.558463
141,0.000131664,99,0.0180251,0.114018,1,99.9969,0.0106465,99.9976,-1.90767,-0.558463
142,0.000148483,99,0.0190933,0.170318,1,71.2374,0.00905718,99.9967,-1.16639,-0.558463
143,0.000152525,99,0.020259,0.174314,1,100,0.00998125,99.9996,-1.59689,-0.558463
144,0.000148629,99,0.0194853,0.142335,1,55.2318,0.00864763,99.9986,-0.685907,-0.558463
145,0.000140821,99,0.0192851,0.125373,1,59.881,0.00920194,99.9974,-0.748431,-0.558463
146,0.0001499,99,0.0160541,0.156748,1,50.1605,0.0094289,99.997,-0.669717,-0.558463
147,0.000150982,99,0.020099,0.155801,1,50.6915,0.00943105,99.9976,-2.52369,-0.558463
148,0.000149585,99,0.0150501,0.0989445,1,69.0517,0.00857722,99.9968,-1.33963,-0.558463
149,0.0001311,99,0.0192576,0.10256,1,100,0.0109721,99.9952,-0.632328,-0.558463
150,0.000136666,99,0.0183374,0.102754,1,99.9994,0.01092,99.9986,-2.17723,-0.558463
151,0.000132165,99,0.019676,0.0942402,1,50.6024,0.00993685,99.9981,-1.57908,-0.558463
152,0.00014231,1,45.5656,0.0871882,1,99.9974,0.0101763,0.0188033,-1.99426,-0.558463
153,0.000140601,99,0.022269,0.16368,0,0.01,0.0085234,99.9956,-1.89661,-0.558463
154,0.000184607,99,0.0241186,0.0993428,0,37.3369,0.0187066,99.9959,-1.59548,-0.558463
155,0.000150667,99,0.0200927,0.156482,1,100,0.0124656,0.019736,-1.0793,-0.558463
156,0.000236502,99,0.038374,0.447011,1,53.5932,0.0199793,0.0294201,-1.28789,-0.558463
157,0.000168401,99,0.0221817,0.19613,1,0.0219521,0.00963275,0.0203616,-1.11751,-0.558463
158,0.000155025,99,0.0194248,0.192574,1,0.0171473,0.0111384,0.0206703,-0.839323,-0.558463
159,0.000141896,99,0.0216252,0.168846,1,46.6096,0.0116553,0.019913,-0.854366,-0.558463
160,0.000147958,1,17.7836,0.000130229,1,99.9997,99.9973,0.0202584,-1.49559,-0.558463
161,0.000149521,99,17.5296,0.00015281,1,99.9988,0.0100704,0.0202228,-2.35929,-0.558463
162,0.479211,1,17.8927,0.499987,1,87.287,99.999,99.996,-2.84952,-0.558463
163,0.000152126,99,16.8117,0.499988,0,0.0207423,0.0118223,99.9973,-4.68305,-0.558463
164,0.000144376,1,69.2353,0.438868,0,6.66319,99.9951,94.6632,-3.38951,-0.558463
165,0.000149036,21,56.9043,0.5,0,0.0194314,99.999,99.9986,-3.48881,-0.558463
166,0.225762,1,41.3177,0.311823,1,21.3857,56.1569,99.9978,-2.68503,-0.558463
167,0.499988,1,70.0191,0.499994,1,0.0314378,99.9964,99.9901,-3.43293,-0.558463
168,0.499993,1,48.4495,0.499989,1,0.0205891,99.997,99.9972,-5.12875,-0.558463
169,0.499999,94,71.2103,0.000149284,0,99.9972,0.0141826,0.0219288,-3.56033,-0.558463
170,0.000142691,99,0.0179076,0.194487,1,52.8888,0.0113885,0.0206664,-1.70222,-0.558463
171,0.000148199,99,0.0184676,0.256774,1,0.0191766,0.0106595,0.0204829,-1.18108,-0.558463
172,0.000156261,99,0.0161477,0.221461,1,0.0204784,0.00956765,99.9972,-1.8962,-0.558463
173,0.000142093,99,28.3195,0.153013,1,99.9976,99.9979,99.9981,-1.97401,-0.558463
174,0.000158286,1,0.0203099,0.0643665,1,99.9991,0.00940428,99.9971,-0.852276,-0.558463
175,0.00013546,34,0.0156103,0.087948,1,99.9989,0.0100949,99.9995,-2.13636,-0.558463
176,0.000149536,99,18.7783,0.159198,1,69.3025,0.0106068,0.0205097,-1.46613,-0.558463
177,0.000178063,99,32.6591,0.170285,1,100,0.0146709,0.0185738,-2.10185,-0.558463
178,0.000177433,99,0.0253471,0.171013,1,43.4094,0.0182091,0.024231,-2.60409,-0.558463
179,0.000167405,1,0.0193057,0.0544315,1,58.967,0.0109134,0.0208624,-1.20699,-0.558463
180,0.000156471,99,56.1495,0.00015919,1,99.9994,99.9969,99.9972,-2.66928,-0.558463
181,0.5,99,59.0872,0.5,1,100,100,100,-3.38768,-0.558463
182,0.000153939,99,12.9562,0.000154549,1,41.4735,0.0125019,0.0224918,-1.78262,-0.558463
183,0.499996,99,25.0944,0.000152919,1,99.998,0.0081603,99.997,-1.61132,-0.558463
184,0.5,99,0.01,0.0001,1,100,0.001,100,-2.84391,-0.558463
185,0.000143885,99,0.0139738,0.317251,0,76.9901,0.0159029,99.9997,-2.62464,-0.558463
186,0.5,99,37.2704,0.0001,1,100,0.001,100,-2.67058,-0.558463
187,0.5,1,100,0.5,0,100,100,0.01,-5.36374,-0.558463
188,0.000159054,1,14.5754,0.258516,1,99.9995,0.0112463,99.998,-1.20246,-0.558463
189,0.0001819,99,11.1422,0.296018,1,99.9976,0.0174763,0.0262115,-1.20051,-0.558463
190,0.000147379,1,0.017774,0.230311,1,35.0469,0.00713425,0.0188973,-0.696044,-0.558463
191,0.000155561,99,0.0169339,0.237163,1,99.9983,0.0101929,0.019706,-2.14785,-0.558463
192,0.000145648,99,0.0178016,0.307381,1,0.0195459,0.0108556,0.0197558,-1.51183,-0.558463
193,0.000147229,99,0.0193335,0.309628,1,44.5809,0.0128132,0.0213433,-1.81309,-0.558463
194,0.000133412,1,0.0172233,0.177645,1,37.3453,0.0109812,0.0211469,-0.984133,-0.558463
195,0.000156294,1,0.0184006,0.175577,1,38.2323,0.011208,0.0198265,-1.38443,-0.558463
196,0.000150412,1,0.0169919,0.127575,1,44.226,0.011056,0.0198256,-2.32278,-0.558463
197,0.000159378,99,0.0200406,0.239874,1,0.0221452,99.998,0.0215512,-0.729127,-0.558463
198,0.000157113,99,0.0130679,0.239639,1,0.0188419,99.9991,0.0185639,-2.15976,-0.558463
199,0.499994,99,0.0195178,0.223667,1,99.9976,0.011241,99.9974,-1.67084,-0.558463

Best eval with params:
eval (mc_estimate_expected_utility) = -0.558463
smdents_entropy_temp_visits_scale = 0.0201557
smbts_search_temp_decay_visits_scale = 99.9994
smbts_epsilon = 0.0980546
smbts_search_temp = 0.0183093
smdents_entropy_temp_init = 0.00915744
smbts_use_search_temp_decay = 1
sm_split_visit_thresh = 1
sm_l_inf_thresh = 0.000139463
