env_id,alg_id,search_runtime,max_trial_length,rollouts_per_mc_eval,num_repeats,num_threads
deep-sea-treasure-improved-stoch,czt,20,50,1024,5,16

hp_opt_iter,czt_bias,czt_ball_split_visit_thresh,eval(mc_estimate_expected_utility),best_eval_so_far
MIN,0.01,1,MIN
MAX,100,100,MAX
0,76.1466,23,-21.1967,-21.1967
1,86.0093,73,-21.3607,-21.1967
2,38.1253,39,-21.1007,-21.1007
3,91.5908,91,-21.3136,-21.1007
4,1.6997,62,-20.9478,-20.9478
5,63.8818,55,-21.095,-20.9478
6,28.8133,41,-20.9583,-20.9478
7,47.6815,3,-21.7234,-20.9478
8,55.3277,20,-21.1465,-20.9478
9,15.4461,82,-20.3797,-20.3797
10,0.01,99,-20.5385,-20.3797
11,0.01,99,-20.4915,-20.3797
12,18.1063,99,-20.2599,-20.2599
13,24.2106,99,-20.5958,-20.2599
14,0.01,99,-20.851,-20.2599
15,31.8488,99,-20.8527,-20.2599
16,0.01,99,-21.4092,-20.2599
17,0.01,1,-20.6282,-20.2599
18,42.7593,99,-20.6497,-20.2599
19,0.01,1,-20.747,-20.2599
20,19.7342,99,-20.9566,-20.2599
21,11.9214,1,-20.5747,-20.2599
22,0.01,1,-21.0981,-20.2599
23,100,1,-20.6013,-20.2599
24,100,1,-20.7974,-20.2599
25,19.6638,99,-20.9842,-20.2599
26,17.557,1,-20.5119,-20.2599
27,17.5079,1,-20.3041,-20.2599
28,17.5136,1,-21.4229,-20.2599
29,52.4896,99,-21.3319,-20.2599
30,13.3078,99,-20.6526,-20.2599
31,100,1,-21.308,-20.2599
32,13.3547,99,-20.8238,-20.2599
33,15.0172,1,-20.4926,-20.2599
34,20.9261,1,-20.3466,-20.2599
35,12.8429,1,-20.0413,-20.0413
36,0.01,1,-21.0852,-20.0413
37,24.8263,1,-20.9124,-20.0413
38,100,1,-20.3587,-20.0413
39,100,1,-20.7373,-20.0413
40,10.6729,1,-21.8705,-20.0413
41,100,99,-20.9342,-20.0413
42,72.0422,99,-21.8194,-20.0413
43,30.3646,1,-21.3608,-20.0413
44,27.0689,99,-21.273,-20.0413
45,87.0369,1,-20.9613,-20.0413
46,10.4569,99,-19.74,-19.74
47,100,99,-20.9608,-19.74
48,100,99,-20.3993,-19.74
49,10.3761,99,-20.4534,-19.74
50,0.01,99,-20.4611,-19.74
51,84.0498,99,-21.3743,-19.74
52,9.60422,99,-20.4729,-19.74
53,1.4615,99,-20.0214,-19.74
54,9.55208,99,-21.239,-19.74
55,0.01,99,-20.688,-19.74
56,50.005,98,-21.3435,-19.74
57,68.5062,3,-20.6821,-19.74
58,80.3971,1,-20.6799,-19.74
59,100,1,-20.7371,-19.74
60,100,1,-20.1973,-19.74
61,0.01,99,-21.6173,-19.74
62,100,1,-21.2128,-19.74
63,100,1,-20.4752,-19.74
64,100,1,-21.6801,-19.74
65,58.7994,1,-20.6149,-19.74
66,75.0025,6,-20.7005,-19.74
67,41.4837,2,-20.3211,-19.74
68,38.3068,2,-20.689,-19.74
69,63.5298,1,-20.4178,-19.74
70,100,99,-20.98,-19.74
71,0.01,99,-21.9502,-19.74
72,60.4663,99,-20.6919,-19.74
73,0.01,99,-20.7999,-19.74
74,0.01,99,-20.9579,-19.74
75,0.01,99,-21.4327,-19.74
76,50.005,6,-20.5852,-19.74
77,50.005,6,-22.325,-19.74
78,100,99,-21.6867,-19.74
79,100,99,-21.6736,-19.74
80,100,99,-20.6751,-19.74
81,100,99,-21.554,-19.74
82,0.01,1,-20.3407,-19.74
83,0.01,1,-20.6365,-19.74
84,100,1,-20.5274,-19.74
85,100,1,-20.4042,-19.74
86,100,1,-20.8503,-19.74
87,3.17249,2,-20.6749,-19.74
88,100,99,-20.099,-19.74
89,100,99,-20.4499,-19.74
90,100,99,-20.7112,-19.74
91,0.01,2,-21.5451,-19.74
92,100,1,-20.9013,-19.74
93,100,99,-21.9415,-19.74
94,0.01,1,-20.6763,-19.74
95,0.01,1,-20.7251,-19.74
96,0.01,2,-21.0893,-19.74
97,100,1,-21.4781,-19.74
98,3.16527,2,-19.6454,-19.6454
99,0.01,1,-20.2379,-19.6454
100,0.01,1,-20.2813,-19.6454
101,0.01,1,-20.4969,-19.6454
102,0.01,1,-20.2829,-19.6454
103,0.01,1,-21.8838,-19.6454
104,0.01,1,-19.7634,-19.6454
105,0.01,1,-21.2159,-19.6454
106,100,1,-21.3153,-19.6454
107,0.01,1,-20.6443,-19.6454
108,0.01,1,-20.5478,-19.6454
109,0.01,1,-20.7345,-19.6454
110,0.01,1,-20.9487,-19.6454
111,100,99,-20.4935,-19.6454
112,100,99,-21.159,-19.6454
113,100,1,-21.2938,-19.6454
114,0.01,99,-20.6062,-19.6454
115,0.01,1,-21.3011,-19.6454
116,100,99,-22.6239,-19.6454
117,0.01,99,-20.0061,-19.6454
118,0.01,99,-20.6819,-19.6454
119,0.01,99,-21.3484,-19.6454
120,0.01,99,-20.4477,-19.6454
121,0.01,99,-19.9411,-19.6454
122,0.01,99,-21.9991,-19.6454
123,0.01,1,-21.1095,-19.6454
124,100,1,-20.4843,-19.6454
125,100,1,-21.0138,-19.6454
126,0.01,1,-20.8454,-19.6454
127,0.01,1,-20.4462,-19.6454
128,100,1,-20.779,-19.6454
129,0.01,1,-21.8465,-19.6454
130,100,99,-21.136,-19.6454
131,0.01,1,-21.1651,-19.6454
132,100,99,-20.4039,-19.6454
133,100,1,-21.7156,-19.6454
134,100,99,-20.3788,-19.6454
135,100,99,-20.6269,-19.6454
136,100,99,-20.3187,-19.6454
137,100,99,-21.573,-19.6454
138,0.01,99,-21.1667,-19.6454
139,100,1,-20.8168,-19.6454
140,0.01,99,-21.3014,-19.6454
141,100,1,-21.2164,-19.6454
142,0.01,99,-20.7453,-19.6454
143,0.01,1,-20.3933,-19.6454
144,100,1,-20.9886,-19.6454
145,0.01,99,-21.2769,-19.6454
146,0.01,1,-19.8881,-19.6454
147,0.01,1,-20.1411,-19.6454
148,0.01,99,-20.8907,-19.6454
149,0.01,1,-19.6406,-19.6406
150,0.0142099,1,-19.8582,-19.6406
151,0.01,99,-20.6421,-19.6406
152,0.01,1,-20.8828,-19.6406
153,0.0135206,1,-21.0572,-19.6406
154,100,1,-21.2976,-19.6406
155,0.01,99,-19.9257,-19.6406
156,0.01,99,-20.9841,-19.6406
157,0.0162263,1,-19.7354,-19.6406
158,0.0203979,1,-20.7449,-19.6406
159,0.0124467,1,-20.0959,-19.6406
160,0.02733,1,-21.8694,-19.6406
161,100,99,-20.7969,-19.6406
162,0.0127735,1,-20.9011,-19.6406
163,100,99,-20.7875,-19.6406
164,100,1,-21.105,-19.6406
165,0.01,99,-20.4204,-19.6406
166,0.01,99,-20.2472,-19.6406
167,0.01,99,-20.7152,-19.6406
168,0.0135575,1,-20.9344,-19.6406
169,100,99,-20.4972,-19.6406
170,100,99,-20.5432,-19.6406
171,100,99,-21.2652,-19.6406
172,0.01,99,-20.868,-19.6406
173,0.01,99,-20.3346,-19.6406
174,0.01,99,-20.5011,-19.6406
175,0.01,99,-20.8294,-19.6406
176,100,1,-20.4837,-19.6406
177,100,1,-20.3304,-19.6406
178,100,1,-21.1234,-19.6406
179,0.0258171,1,-20.3221,-19.6406
180,0.01,99,-20.4747,-19.6406
181,0.0147125,1,-21.2435,-19.6406
182,100,99,-20.649,-19.6406
183,7.1557,15,-20.4603,-19.6406
184,100,99,-21.1693,-19.6406
185,0.01,99,-21.0211,-19.6406
186,100,1,-21.4841,-19.6406
187,0.01,99,-21.9043,-19.6406
188,0.0138627,1,-20.3842,-19.6406
189,0.01,1,-20.6657,-19.6406
190,0.0292071,1,-21.4435,-19.6406
191,100,99,-21.3898,-19.6406
192,100,1,-21.0817,-19.6406
193,0.01,99,-20.0435,-19.6406
194,0.01,99,-21.1694,-19.6406
