env_id,alg_id,search_runtime,max_trial_length,rollouts_per_mc_eval,num_repeats,num_threads
deep-sea-treasure-improved-stoch,chmcts,20,50,1024,5,16

hp_opt_iter,czt_bias,czt_ball_split_visit_thresh,eval(mc_estimate_expected_utility),best_eval_so_far
MIN,0.01,1,MIN
MAX,100,100,MAX
0,76.1466,23,-18.1617,-18.1617
1,86.0093,73,-15.8556,-15.8556
2,38.1253,39,-12.6761,-12.6761
3,91.5908,91,-17.8458,-12.6761
4,1.6997,62,-18.5321,-12.6761
5,63.8818,55,-14.4439,-12.6761
6,28.8133,41,-14.8532,-12.6761
7,47.6815,3,-16.3767,-12.6761
8,55.3277,20,-15.8112,-12.6761
9,15.4461,82,-15.7614,-12.6761
10,44.7572,51,-17.7562,-12.6761
11,25.4077,21,-13.513,-12.6761
12,12.6913,10,-17.4339,-12.6761
13,35.4251,27,-15.19,-12.6761
14,44.6724,99,-16.2819,-12.6761
15,99.9982,48,-17.3355,-12.6761
16,21.1857,33,-14.7214,-12.6761
17,61.2205,77,-15.4909,-12.6761
18,0.01,99,-10.733,-10.733
19,0.01,99,-10.6544,-10.6544
20,0.01,98,-10.611,-10.611
21,3.50897,98,-17.1102,-10.611
22,0.01,94,-14.442,-10.611
23,51.8927,37,-17.5687,-10.611
24,5.1901,25,-16.578,-10.611
25,0.01,99,-16.1514,-10.611
26,0.0194869,40,-15.2408,-10.611
27,76.8921,62,-14.7097,-10.611
28,100,1,-17.5036,-10.611
29,52.2419,65,-16.6262,-10.611
30,0.394012,99,-12.3602,-10.611
31,0.57201,99,-15.2771,-10.611
32,77.6505,6,-17.0777,-10.611
33,63.2339,5,-17.0408,-10.611
34,64.5474,7,-20.1532,-10.611
35,0.23484,99,-12.9469,-10.611
36,60.1352,6,-16.6324,-10.611
37,70.3471,6,-13.9143,-10.611
38,37.7735,67,-14.5219,-10.611
39,69.7622,6,-16.1236,-10.611
40,39.0145,47,-15.5394,-10.611
41,37.6397,24,-14.6471,-10.611
42,24.0475,24,-18.0033,-10.611
43,26.7411,27,-15.3483,-10.611
44,0.01,82,-12.3182,-10.611
45,0.01,74,-16.0389,-10.611
46,39.094,20,-15.0728,-10.611
47,71.8913,3,-18.3674,-10.611
48,26.0603,1,-14.5507,-10.611
49,27.9228,1,-12.8016,-10.611
50,27.8395,31,-15.0065,-10.611
51,82.5352,1,-17.4177,-10.611
52,20.022,2,-17.1889,-10.611
53,63.2802,99,-15.7091,-10.611
54,38.5329,99,-15.6331,-10.611
55,25.7884,96,-14.9558,-10.611
56,27.3356,98,-16.0406,-10.611
57,28.6785,1,-16.1133,-10.611
58,16.6118,1,-15.2938,-10.611
59,77.8458,99,-18.6269,-10.611
60,36.8173,96,-14.4468,-10.611
61,95.7288,30,-13.3956,-10.611
62,95.0215,34,-14.5025,-10.611
63,95.7197,95,-16.7066,-10.611
64,96.3183,1,-15.7137,-10.611
65,94.1609,1,-17.8077,-10.611
66,29.7716,96,-17.6681,-10.611
67,17.2335,96,-13.7921,-10.611
68,18.0145,96,-14.0304,-10.611
69,16.5405,99,-14.7641,-10.611
70,17.4787,56,-13.904,-10.611
71,16.5887,55,-13.8819,-10.611
72,70.0634,88,-16.3509,-10.611
73,83.706,99,-17.5567,-10.611
74,48.6741,99,-15.5504,-10.611
75,8.89726,99,-15.8582,-10.611
76,57.1249,99,-17.2463,-10.611
77,64.9878,99,-17.4212,-10.611
78,54.4203,99,-15.3774,-10.611
79,36.6417,1,-13.4346,-10.611
80,49.7611,1,-17.3268,-10.611
81,22.0849,99,-15.3903,-10.611
82,33.9313,99,-17.0882,-10.611
83,41.1121,99,-15.7551,-10.611
84,46.6517,99,-15.7609,-10.611
85,50.4652,99,-16.532,-10.611
86,10.5858,81,-16.5616,-10.611
87,7.23136,55,-17.3555,-10.611
88,88.1003,1,-17.4172,-10.611
89,80.2575,1,-17.9367,-10.611
90,67.7553,1,-14.9161,-10.611
91,74.0613,1,-15.3351,-10.611
92,85.0073,1,-16.3823,-10.611
93,86.6308,1,-16.8066,-10.611
94,31.9844,1,-17.2857,-10.611
95,67.8664,99,-16.1483,-10.611
96,97.6936,99,-17.1092,-10.611
97,73.9405,99,-15.5644,-10.611
98,58.3726,1,-18.4243,-10.611
99,89.4899,99,-15.0873,-10.611
100,93.3137,99,-16.4128,-10.611
101,5.95452,99,-16.1553,-10.611
102,83.904,1,-18.2508,-10.611
103,18.9084,99,-15.1023,-10.611
104,24.9362,99,-13.663,-10.611
105,18.2212,41,-16.7219,-10.611
106,35.9642,99,-14.1512,-10.611
107,35.1773,99,-14.7843,-10.611
108,31.3836,99,-13.7937,-10.611
109,23.1389,99,-15.298,-10.611
110,22.294,39,-13.5736,-10.611
111,36.46,52,-18.2154,-10.611
112,9.38554,16,-17.0949,-10.611
113,14.3845,30,-14.2352,-10.611
114,15.4055,24,-16.4597,-10.611
115,21.8051,40,-14.4442,-10.611
116,42.3703,17,-14.9316,-10.611
117,43.3353,23,-15.5814,-10.611
118,30.7446,32,-15.1869,-10.611
119,33.199,34,-16.2832,-10.611
120,25.0743,69,-14.9797,-10.611
121,20.9653,72,-16.0678,-10.611
122,17.0918,75,-15.5899,-10.611
123,96.4878,45,-17.9725,-10.611
124,72.1895,99,-17.3138,-10.611
125,94.3345,60,-16.0668,-10.611
126,54.1229,46,-14.8428,-10.611
127,47.7851,55,-13.368,-10.611
128,46.9177,47,-15.8273,-10.611
129,68.0947,41,-16.0779,-10.611
130,0.01,2,-11.3875,-10.611
131,0.01,2,-10.8296,-10.611
132,0.01,2,-13.2059,-10.611
133,0.01,3,-13.4461,-10.611
134,0.01,2,-14.5031,-10.611
135,0.01,15,-16.88,-10.611
136,0.01,2,-15.2921,-10.611
137,0.01,2,-15.6523,-10.611
138,0.01,2,-17.2409,-10.611
139,0.0114285,99,-13.8297,-10.611
140,0.0147361,99,-15.3449,-10.611
141,0.0252575,99,-10.2891,-10.2891
142,100,99,-14.2289,-10.2891
143,0.01,99,-11.7576,-10.2891
144,0.01,99,-11.7725,-10.2891
145,0.01,99,-12.2504,-10.2891
146,0.01,99,-16.948,-10.2891
147,0.011522,99,-16.7726,-10.2891
148,0.01,99,-17.0339,-10.2891
149,100,99,-15.3558,-10.2891
150,0.01,99,-21.059,-10.2891
151,100,99,-15.5031,-10.2891
152,100,99,-17.6963,-10.2891
153,0.01,99,-18.8617,-10.2891
154,100,99,-15.0067,-10.2891
155,100,99,-14.1356,-10.2891
156,100,99,-15.3997,-10.2891
157,0.0123098,99,-16.766,-10.2891
158,100,99,-16.8742,-10.2891
159,0.0125179,99,-16.1349,-10.2891
160,0.01,99,-17.5944,-10.2891
161,100,99,-15.4967,-10.2891
162,100,99,-16.1121,-10.2891
163,0.01,99,-16.4819,-10.2891
164,100,99,-14.0258,-10.2891
165,100,99,-15.4949,-10.2891
166,0.0111259,99,-14.7087,-10.2891
167,0.016905,99,-18.1239,-10.2891
168,100,99,-15.3472,-10.2891
169,100,99,-15.2906,-10.2891
170,0.01,3,-12.469,-10.2891
171,0.01,1,-15.522,-10.2891
172,0.01,3,-19.0814,-10.2891
173,0.01,3,-10.0993,-10.0993
174,0.0128869,1,-15.8945,-10.0993
175,0.01587,1,-13.8631,-10.0993
176,0.0436171,1,-14.175,-10.0993
177,0.0471618,1,-13.1372,-10.0993
178,0.0217458,1,-9.59993,-9.59993
179,100,99,-18.3991,-9.59993
180,0.01,1,-16.586,-9.59993
181,0.01,1,-14.6435,-9.59993
182,0.01,1,-14.647,-9.59993
183,0.01,1,-13.4282,-9.59993
184,0.014927,1,-13.6519,-9.59993
185,0.01,1,-16.4306,-9.59993
186,47.7614,99,-14.2413,-9.59993
187,100,1,-18.1024,-9.59993
188,0.0318982,1,-13.9068,-9.59993
189,0.0101966,1,-13.7546,-9.59993
190,0.01,1,-15.2661,-9.59993
191,47.7614,99,-16.2236,-9.59993
192,100,1,-17.209,-9.59993
193,100,1,-14.9039,-9.59993
194,100,1,-16.8343,-9.59993
195,100,1,-18.3945,-9.59993
196,0.01,1,-17.4882,-9.59993
197,0.01,1,-16.9431,-9.59993
198,7.3316,3,-16.0423,-9.59993
199,0.01,1,-10.6574,-9.59993

Best eval with params:
eval (mc_estimate_expected_utility) = -9.59993
czt_ball_split_visit_thresh = 1
czt_bias = 0.0217458
