env_id,alg_id,search_runtime,max_trial_length,rollouts_per_mc_eval,num_repeats,num_threads
fruit-tree-depth-7,czt,20,50,1024,5,16

hp_opt_iter,czt_bias,czt_ball_split_visit_thresh,eval(mc_estimate_expected_utility),best_eval_so_far
MIN,0.01,1,MIN
MAX,100,100,MAX
0,66.2625,82,4.81815,4.81815
1,37.941,91,4.83271,4.83271
2,15.3234,71,4.8339,4.8339
3,29.6376,66,4.84676,4.84676
4,49.5284,6,4.66476,4.84676
5,71.4195,34,4.80009,4.84676
6,50.57,14,4.74082,4.84676
7,92.7086,29,4.79427,4.84676
8,2.67715,52,4.86668,4.86668
9,89.8736,49,4.80741,4.86668
10,0.01,99,4.28803,4.86668
11,99.9981,59,4.81833,4.86668
12,0.01,54,4.44227,4.86668
13,99.9981,70,4.82435,4.86668
14,99.9981,70,4.80233,4.86668
15,99.9977,70,4.81016,4.86668
16,99.9982,40,4.80878,4.86668
17,99.9983,67,4.81558,4.86668
18,99.9984,59,4.80635,4.86668
19,99.9981,73,4.81843,4.86668
20,3.24751,6,4.79252,4.86668
21,28.884,64,4.82684,4.86668
22,16.2198,97,4.85277,4.86668
23,16.797,1,4.67008,4.86668
24,2.32103,75,4.89114,4.89114
25,2.22598,99,4.89295,4.89295
26,2.29993,99,4.87489,4.89295
27,2.4981,99,4.87984,4.89295
28,2.07773,99,4.89872,4.89872
29,38.9774,1,4.6502,4.89872
30,2.0129,99,4.88837,4.89872
31,2.09712,99,4.86104,4.89872
32,95.8922,99,4.80371,4.89872
33,2.0914,99,4.9007,4.9007
34,2.04099,99,4.88863,4.9007
35,2.28376,99,4.89767,4.9007
36,2.27595,99,4.88339,4.9007
37,1.97438,99,4.90765,4.90765
38,1.87173,99,4.89923,4.90765
39,1.90925,99,4.91097,4.91097
40,1.8556,99,4.91548,4.91548
41,1.78427,98,4.88811,4.91548
42,1.9486,13,4.84821,4.91548
43,2.09132,99,4.87419,4.91548
44,1.70552,99,4.87248,4.91548
45,2.10992,99,4.8936,4.91548
46,30.4243,96,4.83413,4.91548
47,2.10152,99,4.88339,4.91548
48,31.3493,65,4.81547,4.91548
49,27.8604,99,4.85326,4.91548
50,98.7622,94,4.83143,4.91548
51,94.432,1,4.6566,4.91548
52,97.7027,72,4.81278,4.91548
53,88.4883,48,4.8138,4.91548
54,62.3847,19,4.74892,4.91548
55,2.39678,99,4.88646,4.91548
56,88.5163,53,4.80725,4.91548
57,87.1296,78,4.81855,4.91548
58,85.9349,79,4.83326,4.91548
59,84.9244,95,4.83655,4.91548
60,83.9408,93,4.82679,4.91548
61,67.4916,19,4.7474,4.91548
62,82.8212,21,4.76573,4.91548
63,2.15362,1,4.83674,4.91548
64,73.0751,88,4.81415,4.91548
65,65.0586,99,4.81633,4.91548
66,74.4124,89,4.82042,4.91548
67,75.655,97,4.8559,4.91548
68,76.4703,97,4.82091,4.91548
69,77.7181,1,4.63035,4.91548
70,75.1845,1,4.63651,4.91548
71,14.3441,99,4.85613,4.91548
72,27.3193,1,4.64119,4.91548
73,2.06837,57,4.90054,4.91548
74,2.06804,57,4.87945,4.91548
75,2.72814,99,4.91363,4.91548
76,80.3238,93,4.82808,4.91548
77,2.73397,99,4.89596,4.91548
78,2.58172,99,4.89801,4.91548
79,2.37394,99,4.89652,4.91548
80,2.87849,99,4.89541,4.91548
81,2.54695,99,4.88185,4.91548
82,3.05575,99,4.89116,4.91548
83,3.43544,99,4.87564,4.91548
84,2.86083,99,4.89043,4.91548
85,2.73289,99,4.89387,4.91548
86,3.98168,99,4.88234,4.91548
87,3.30423,99,4.87486,4.91548
88,4.50209,99,4.87713,4.91548
89,3.85162,99,4.88183,4.91548
90,4.99225,99,4.87827,4.91548
91,4.4091,56,4.87169,4.91548
92,4.98097,37,4.86112,4.91548
93,4.30374,99,4.86069,4.91548
94,5.61183,99,4.886,4.91548
95,5.74289,39,4.86314,4.91548
96,5.21469,99,4.88684,4.91548
97,6.14257,99,4.87624,4.91548
98,86.4074,15,4.74678,4.91548
99,6.13283,99,4.87202,4.91548
100,5.37934,99,4.89831,4.91548
101,5.08371,99,4.89174,4.91548
102,5.57076,99,4.88801,4.91548
103,5.30929,62,4.86437,4.91548
104,4.84816,99,4.89279,4.91548
105,6.66107,99,4.87713,4.91548
106,5.89909,99,4.8872,4.91548
107,5.83502,99,4.88613,4.91548
108,7.24369,96,4.857,4.91548
109,6.45029,28,4.86779,4.91548
110,6.30608,99,4.87979,4.91548
111,7.08097,3,4.71867,4.91548
112,5.53167,99,4.85962,4.91548
113,5.32368,1,4.7562,4.91548
114,2.36991,70,4.89323,4.91548
115,2.36565,71,4.87761,4.91548
116,2.35588,70,4.87914,4.91548
117,4.74884,99,4.85949,4.91548
118,3.23981,99,4.89113,4.91548
119,6.06053,76,4.87695,4.91548
120,49.5004,29,4.81874,4.91548
121,2.71718,99,4.89692,4.91548
122,6.06442,77,4.87037,4.91548
123,3.59705,99,4.9108,4.91548
124,3.61169,99,4.89604,4.91548
125,3.12819,99,4.88237,4.91548
126,3.83869,99,4.89478,4.91548
127,3.63924,99,4.88231,4.91548
128,2.94039,99,4.87877,4.91548
129,4.14876,99,4.89938,4.91548
130,4.1412,99,4.88457,4.91548
131,6.3789,99,4.87675,4.91548
132,3.54091,99,4.88062,4.91548
133,4.53719,99,4.8886,4.91548
134,5.24589,99,4.87285,4.91548
135,8.50065,99,4.86279,4.91548
136,9.53079,95,4.86268,4.91548
137,10.5025,96,4.8627,4.91548
138,9.81192,45,4.86646,4.91548
139,9.04227,63,4.85677,4.91548
140,11.3266,72,4.84834,4.91548
141,10.303,67,4.85945,4.91548
142,0.233025,87,4.49131,4.91548
143,10.2878,66,4.86846,4.91548
144,2.42516,99,4.90733,4.91548
145,2.42404,99,4.89384,4.91548
146,12.9661,96,4.84505,4.91548
147,13.7371,74,4.8544,4.91548
148,9.86703,99,4.84811,4.91548
149,7.92638,99,4.88264,4.91548
150,3.78621,64,4.87764,4.91548
151,3.00165,68,4.89583,4.91548
152,3.39704,67,4.87541,4.91548
153,2.4638,70,4.89206,4.91548
154,2.56332,71,4.8938,4.91548
155,2.23873,70,4.88368,4.91548
156,2.54484,99,4.88404,4.91548
157,8.42262,63,4.85525,4.91548
158,56.4659,99,4.81784,4.91548
159,4.04532,58,4.87231,4.91548
160,12.2337,56,4.84702,4.91548
161,10.7889,60,4.86231,4.91548
162,58.3779,98,4.81187,4.91548
163,8.96427,99,4.87377,4.91548
164,73.3273,88,4.81049,4.91548
165,8.96421,99,4.85795,4.91548
166,36.2825,99,4.8255,4.91548
167,11.7665,99,4.85676,4.91548
168,21.9932,99,4.84357,4.91548
169,34.3956,99,4.83091,4.91548
170,20.6138,99,4.83646,4.91548
171,44.5795,99,4.8353,4.91548
172,69.8024,99,4.84447,4.91548
173,19.2804,99,4.85156,4.91548
174,43.0178,99,4.83788,4.91548
175,68.8137,99,4.82432,4.91548
176,54.4068,99,4.83073,4.91548
177,60.099,99,4.82536,4.91548
178,43.7807,1,4.64242,4.91548
179,55.2281,1,4.63277,4.91548
180,2.88324,69,4.89689,4.91548
181,2.84761,70,4.87371,4.91548
182,2.42552,99,4.88112,4.91548
183,4.40245,70,4.88475,4.91548
184,3.58547,68,4.89123,4.91548
185,4.01056,99,4.88237,4.91548
186,49.5018,91,4.82358,4.91548
187,4.01058,99,4.8964,4.91548
188,5.77054,72,4.85997,4.91548
189,7.54067,99,4.86042,4.91548
190,2.26751,68,4.87083,4.91548
191,3.32795,72,4.86437,4.91548
192,9.50194,45,4.84824,4.91548
193,4.73501,74,4.88092,4.91548
194,4.05152,74,4.88919,4.91548
195,6.81092,99,4.85562,4.91548
196,4.31256,99,4.88512,4.91548
197,4.88068,74,4.88802,4.91548
198,2.42956,99,4.89605,4.91548
199,3.99344,73,4.87404,4.91548
200,59.3564,1,4.63942,4.91548
201,2.98441,99,4.88396,4.91548
202,4.67253,99,4.88306,4.91548
203,3.74227,99,4.86413,4.91548
204,8.14873,99,4.8662,4.91548
205,2.36861,99,4.88695,4.91548
206,5.15911,75,4.87795,4.91548
207,4.50471,70,4.87336,4.91548
208,29.6487,79,4.81959,4.91548

Best eval with params:
eval (mc_estimate_expected_utility) = 4.91548
czt_ball_split_visit_thresh = 99
czt_bias = 1.8556
