env_id,alg_id,search_runtime,max_trial_length,rollouts_per_mc_eval,num_repeats,num_threads
fruit-tree-depth-7,chmcts,20,50,1024,5,16

hp_opt_iter,czt_bias,czt_ball_split_visit_thresh,eval(mc_estimate_expected_utility),best_eval_so_far
MIN,0.01,1,MIN
MAX,100,100,MAX
0,85.211,82,5.11943,5.11943
1,58.3179,26,5.12789,5.12789
2,39.7439,48,5.12965,5.12965
3,95.1426,93,5.12453,5.12965
4,29.2473,64,5.12513,5.12965
5,6.66507,3,5.124,5.12965
6,18.0207,79,5.12002,5.12965
7,60.871,37,5.11264,5.12965
8,79.3312,15,5.13194,5.13194
9,42.1367,51,5.12446,5.13194
10,61.9003,18,5.11517,5.13194
11,99.9987,46,5.12232,5.13194
12,0.019664,57,4.47928,5.13194
13,60.8501,70,5.13061,5.13194
14,99.9981,9,5.12507,5.13194
15,0.01,99,4.35655,5.13194
16,99.9981,74,5.12342,5.13194
17,0.0202974,42,4.38704,5.13194
18,0.0194018,67,4.3574,5.13194
19,21.1461,87,5.12739,5.13194
20,35.0705,15,5.11745,5.13194
21,82.1952,1,5.1294,5.13194
22,25.0058,3,5.12622,5.13194
23,90.3348,9,5.11648,5.13194
24,97.022,9,5.12842,5.13194
25,54.6322,71,5.1246,5.13194
26,46.8862,46,5.11307,5.13194
27,51.021,99,5.11658,5.13194
28,75.8722,99,5.11825,5.13194
29,66.5086,99,5.12219,5.13194
30,12.798,1,5.12201,5.13194
31,71.2425,1,5.11565,5.13194
32,68.3955,22,5.11972,5.13194
33,72.6497,1,5.11842,5.13194
34,15.6198,1,5.12443,5.13194
35,25.2498,99,5.11696,5.13194
36,80.5399,99,5.12653,5.13194
37,93.6876,1,5.12593,5.13194
38,77.1668,1,5.12315,5.13194
39,32.3326,99,5.11518,5.13194
40,86.9042,1,5.11962,5.13194
41,37.6306,99,5.12597,5.13194
42,14.1622,99,5.10969,5.13194
43,54.8523,1,5.12377,5.13194
44,91.3295,99,5.13431,5.13431
45,71.4941,99,5.11244,5.13431
46,95.7459,99,5.119,5.13431
47,82.8408,99,5.12591,5.13431
48,20.6249,1,5.1158,5.13431
49,88.5874,99,5.11886,5.13431
50,29.0731,1,5.13348,5.13431
51,43.6249,1,5.12564,5.13431
52,38.3975,1,5.11031,5.13431
53,50.3326,1,5.11877,5.13431
54,33.1301,28,5.13079,5.13431
55,50.3502,1,5.11088,5.13431
56,27.3738,1,5.13183,5.13431
57,28.2084,99,5.11719,5.13431
58,81.1562,1,5.13199,5.13431
59,78.6734,99,5.1106,5.13431
60,84.1333,1,5.13038,5.13431
61,93.7012,1,5.12045,5.13431
62,31.2284,1,5.10634,5.13431
63,17.8003,1,5.12152,5.13431
64,57.1083,99,5.11275,5.13431
65,43.7337,99,5.10609,5.13431
66,92.3034,99,5.12576,5.13431
67,84.3398,99,5.11939,5.13431
68,65.1512,1,5.12872,5.13431
69,65.076,1,5.12067,5.13431
70,97.2196,99,5.12086,5.13431
71,81.023,1,5.10909,5.13431
72,23.1528,99,5.13155,5.13431
73,23.5354,1,5.12164,5.13431
74,63.8258,99,5.1085,5.13431
75,35.9057,99,5.12207,5.13431
76,60.8609,55,5.1154,5.13431
77,35.9074,99,5.12063,5.13431
78,19.9995,99,5.11354,5.13431
79,25.9683,1,5.12675,5.13431
80,12.9711,1,5.12532,5.13431
81,88.7244,1,5.12812,5.13431
82,96.3262,1,5.11856,5.13431
83,75.0476,1,5.11647,5.13431
84,26.2408,99,5.12837,5.13431
85,40.1622,99,5.11232,5.13431
86,90.3838,99,5.11194,5.13431
87,22.9719,1,5.12362,5.13431
88,27.2838,1,5.12521,5.13431
89,11.6163,1,5.12851,5.13431
90,15.3623,1,5.12024,5.13431
91,85.2036,1,5.11261,5.13431
92,24.21,99,5.12113,5.13431
93,53.7994,99,5.1197,5.13431
94,69.3193,1,5.11901,5.13431
95,29.9647,99,5.12054,5.13431
96,12.4168,99,5.12602,5.13431
97,16.0608,99,5.12887,5.13431
98,76.7602,67,5.11489,5.13431
99,16.0583,99,5.12952,5.13431
100,93.6676,99,5.10911,5.13431
101,11.8333,1,5.13108,5.13431
102,13.9708,1,5.1191,5.13431
103,56.9958,1,5.12025,5.13431
104,68.4451,99,5.12998,5.13431
105,67.0498,99,5.1261,5.13431
106,70.6821,99,5.12134,5.13431
107,36.1918,1,5.11431,5.13431
108,26.7146,1,5.13411,5.13431
109,26.8719,99,5.12365,5.13431
110,98.3435,99,5.12405,5.13431
111,81.7576,99,5.11582,5.13431
112,53.0816,1,5.11629,5.13431
113,67.215,1,5.13449,5.13449
114,97.7123,1,5.13329,5.13449
115,67.2081,1,5.13512,5.13512
116,69.9557,1,5.10638,5.13512
117,91.7551,1,5.11879,5.13512
118,41.0689,1,5.11456,5.13512
119,65.0409,1,5.12856,5.13512
120,13.162,76,5.12704,5.13512
121,65.0657,1,5.114,5.13512
122,97.6103,1,5.12841,5.13512
123,28.7671,1,5.11413,5.13512
124,47.8643,99,5.11578,5.13512
125,24.4612,1,5.11594,5.13512
126,16.8812,99,5.12537,5.13512
127,11.0551,1,5.12799,5.13512
128,87.1097,99,5.11987,5.13512
129,79.1869,1,5.12887,5.13512
130,11.6935,99,5.11112,5.13512
131,100,1,5.10388,5.13512
132,19.2148,1,5.11499,5.13512
133,95.4585,1,5.11811,5.13512
134,82.9349,1,5.12798,5.13512
135,79.4628,1,5.13598,5.13598
136,80.2241,1,5.13146,5.13598
137,82.6065,1,5.12194,5.13598
138,78.188,1,5.11868,5.13598
139,57.5465,1,5.12302,5.13598
140,45.6274,1,5.1016,5.13598
141,11.212,1,5.10605,5.13598
142,15.8994,22,5.10256,5.13598
143,33.9875,99,5.12621,5.13598
144,57.9306,99,5.12671,5.13598
145,66.4779,99,5.12211,5.13598
146,80.428,99,5.13934,5.13934
147,80.2398,99,5.11726,5.13934
148,55.6415,99,5.12845,5.13934
149,22.356,99,5.11582,5.13934
150,37.5187,99,5.11599,5.13934
151,58.856,99,5.11045,5.13934
152,52.586,99,5.12807,5.13934
153,55.0437,1,5.09575,5.13934
154,31.597,99,5.12374,5.13934
155,33.0282,1,5.10357,5.13934
156,88.3394,1,5.12374,5.13934
157,27.1232,99,5.11966,5.13934
158,73.8019,99,5.11059,5.13934
159,64.2153,99,5.1175,5.13934
160,97.4809,99,5.10262,5.13934
161,83.1319,99,5.12588,5.13934
162,86.6552,99,5.11107,5.13934
163,50.2212,99,5.14021,5.14021
164,51.065,93,5.10891,5.14021
165,91.5799,1,5.11175,5.14021
166,67.3471,1,5.1261,5.14021
167,81.4935,1,5.11917,5.14021
168,41.2844,99,5.11912,5.14021
169,25.871,1,5.10312,5.14021
170,78.6682,99,5.11814,5.14021
171,39.2272,1,5.12595,5.14021
172,68.4264,99,5.12616,5.14021
173,68.211,99,5.11132,5.14021
174,84.5624,1,5.11825,5.14021
175,63.1874,1,5.11143,5.14021
176,35.257,99,5.12596,5.14021
177,11.1814,99,5.13044,5.14021
178,13.785,99,5.10922,5.14021
179,19.832,99,5.14277,5.14277
180,21.0247,99,5.10723,5.14277
181,73.7387,1,5.12616,5.14277
182,76.5888,1,5.12546,5.14277
183,29.7603,99,5.13453,5.14277
184,71.3932,1,5.11335,5.14277
185,29.4331,99,5.13675,5.14277
186,4.85188,64,5.12437,5.14277
187,48.9306,1,5.12206,5.14277
188,28.5481,99,5.11182,5.14277
189,38.8499,99,5.10961,5.14277
190,34.1546,99,5.11282,5.14277
191,18.303,99,5.12422,5.14277
192,45.1583,99,5.12335,5.14277
193,48.9277,99,5.13249,5.14277
194,42.422,1,5.12289,5.14277
195,48.1282,1,5.12426,5.14277
196,49.2355,99,5.1365,5.14277
197,51.6613,1,5.12219,5.14277
198,49.3129,99,5.13761,5.14277
199,47.4704,99,5.11977,5.14277
200,49.8166,99,5.108,5.14277
201,89.4711,99,5.11444,5.14277
202,98.4023,1,5.10747,5.14277
203,93.2358,99,5.10877,5.14277
204,81.979,99,5.11464,5.14277
205,21.7635,1,5.13004,5.14277
206,18.5164,99,5.12136,5.14277
207,36.9115,1,5.11681,5.14277
208,37.603,36,5.11169,5.14277

Best eval with params:
eval (mc_estimate_expected_utility) = 5.14277
czt_ball_split_visit_thresh = 99
czt_bias = 19.832
