env_id,alg_id,search_runtime,max_trial_length,rollouts_per_mc_eval,num_repeats,num_threads
fruit-tree-depth-7,smbts,20,50,1024,5,16

hp_opt_iter,sm_l_inf_thresh,sm_split_visit_thresh,smbts_search_temp,smbts_epsilon,smbts_use_search_temp_decay,smbts_search_temp_decay_visits_scale,eval(mc_estimate_expected_utility),best_eval_so_far
MIN,0.0001,1,0.01,0.0001,0,0.01,MIN
MAX,0.5,100,100,0.5,1,100,MAX
0,0.322296,26,56.0285,0.0717915,1,23.7228,4.82758,4.82758
1,0.110373,18,36.1877,0.388032,0,60.6327,4.86825,4.86825
2,0.388238,4,80.1241,0.218264,0,44.821,4.89103,4.89103
3,0.0583061,33,14.9087,0.423387,0,70.4003,4.86349,4.89103
4,0.284092,87,90.585,0.472985,1,53.4255,4.80407,4.89103
5,0.212596,65,45.3375,0.00174848,0,2.94416,4.86358,4.89103
6,0.413287,92,6.257,0.289235,1,16.7131,4.80966,4.89103
7,0.186377,78,72.6104,0.323845,0,30.0148,4.82818,4.89103
8,0.0310689,53,64.1385,0.141081,1,96.4675,4.8214,4.89103
9,0.460944,46,26.7268,0.188127,1,81.3819,4.83189,4.89103
10,0.5,1,100,0.0001,0,0.01,4.89156,4.89156
11,0.5,1,99.9977,0.0001,0,0.0184682,4.8976,4.8976
12,0.5,1,100,0.0001,0,0.01,4.90215,4.90215
13,0.5,1,0.01,0.0001,0,0.01,4.22279,4.90215
14,0.000143132,1,99.998,0.499998,1,99.9987,4.87902,4.90215
15,0.000145103,23,99.9991,0.499991,0,0.0201289,4.87236,4.90215
16,0.499998,26,99.9993,0.499988,0,99.9957,4.87213,4.90215
17,0.000145981,51,99.9994,0.499997,0,99.998,4.82059,4.90215
18,0.0001,1,100,0.0001,1,100,4.85481,4.90215
19,0.000142592,1,99.9989,0.000142246,1,99.9978,4.86349,4.90215
20,0.499994,12,84.447,0.499992,0,0.0194963,4.89029,4.90215
21,0.0001,1,84.0609,0.499977,0,0.0257275,4.88488,4.90215
22,0.5,1,93.5969,0.5,1,0.0169986,4.88809,4.90215
23,0.5,1,87.4437,0.499997,0,99.9922,4.88772,4.90215
24,0.499837,20,88.1575,0.00292289,0,0.366332,4.88648,4.90215
25,0.5,1,100,0.5,0,0.0133113,4.89886,4.90215
26,0.499994,14,87.5784,0.499998,1,0.0194568,4.90019,4.90215
27,0.499994,10,100,0.499992,0,0.0170364,4.8837,4.90215
28,0.0001,16,80.7998,0.499989,0,0.0187714,4.87394,4.90215
29,0.499993,1,88.7418,0.499993,1,0.019764,4.88612,4.90215
30,0.499995,10,93.5138,0.499992,0,0.0192368,4.88543,4.90215
31,0.499982,13,90.1508,0.0001,1,48.8948,4.83432,4.90215
32,0.198235,82,35.3504,0.142004,0,49.1735,4.84589,4.90215
33,0.499995,13,85.9521,0.499996,1,99.9971,4.85861,4.90215
34,0.499995,9,90.1588,0.000145499,0,0.0184095,4.8816,4.90215
35,0.0001,2,99.9046,0.5,0,0.01,4.87756,4.90215
36,0.5,13,99.9967,0.0001,1,0.0194556,4.87753,4.90215
37,0.000147668,10,89.3984,0.000149813,0,0.0200334,4.88913,4.90215
38,0.499969,10,91.6697,0.0167397,0,99.9945,4.88514,4.90215
39,0.499993,1,88.9926,0.499989,0,0.0194559,4.88974,4.90215
40,0.499991,10,100,0.499991,0,0.0203736,4.88438,4.90215
41,0.499663,1,88.3162,0.00057008,0,0.01,4.86634,4.90215
42,0.0001,10,89.8848,0.499982,1,0.0175698,4.87469,4.90215
43,0.037232,12,88.4187,0.499988,0,99.9974,4.87658,4.90215
44,0.499995,11,93.018,0.499988,0,0.0195289,4.89113,4.90215
45,0.499994,15,99.9988,0.000154804,0,0.0197404,4.89516,4.90215
46,0.499994,22,81.5603,0.499992,0,0.0193569,4.90054,4.90215
47,0.499994,13,89.7104,0.499994,0,0.0192765,4.88949,4.90215
48,0.0130148,14,93.5722,0.000148083,0,0.0196281,4.86668,4.90215
49,0.499984,11,88.7105,0.0292255,1,0.0190868,4.87685,4.90215
50,0.5,7,99.9978,0.499996,0,100,4.88085,4.90215
51,0.499995,9,81.274,0.499992,0,0.0194563,4.89375,4.90215
52,0.499996,6,92.1452,0.499995,0,0.0189078,4.8787,4.90215
53,0.499994,26,78.7274,0.499992,0,0.0200782,4.89317,4.90215
54,0.340982,8,41.7347,0.445321,0,73.4481,4.89721,4.90215
55,0.479189,12,66.8714,0.499998,0,99.9972,4.88475,4.90215
56,0.39743,6,68.4942,0.499992,0,99.9983,4.88419,4.90215
57,0.499995,21,68.1269,0.499996,0,99.9974,4.8759,4.90215
58,0.499994,1,72.2927,0.499989,0,0.01,4.86738,4.90215
59,0.000142308,14,66.0649,0.499989,0,0.0200914,4.87764,4.90215
60,0.499995,12,83.2433,0.499997,0,99.9976,4.90037,4.90215
61,0.499993,12,79.8579,0.0001,0,99.997,4.89499,4.90215
62,0.499995,1,81.6554,0.000150602,0,99.9981,4.89646,4.90215
63,0.499995,15,82.9358,0.000141056,0,99.9976,4.88318,4.90215
64,0.499995,1,85.7004,0.499993,0,99.9982,4.89274,4.90215
65,0.499996,10,86.519,0.499996,0,99.9952,4.89796,4.90215
66,0.499978,1,81.1212,0.499974,0,99.9993,4.89152,4.90215
67,0.499991,14,84.6718,0.5,0,99.9977,4.8953,4.90215
68,0.499996,3,91.0304,0.499987,0,100,4.87945,4.90215
69,0.499991,10,78.2199,0.000145944,0,0.0193868,4.89008,4.90215
70,0.499994,15,80.0868,0.499993,0,0.0194467,4.8803,4.90215
71,0.000145117,2,73.1575,0.0391674,0,99.9975,4.90204,4.90215
72,0.000144396,7,76.4017,0.131688,0,99.9954,4.88818,4.90215
73,0.000144117,1,65.0425,0.0361088,0,99.9977,4.88843,4.90215
74,0.0001,1,74.9347,0.5,0,99.9983,4.89321,4.90215
75,0.00693134,10,78.4981,0.158657,0,99.9956,4.87788,4.90215
76,0.243736,73,77.3669,0.171754,0,17.2504,4.84314,4.90215
77,0.0217575,10,78.1764,0.0673603,0,99.9971,4.8999,4.90215
78,0.5,1,75.0293,0.000124516,0,99.9949,4.89643,4.90215
79,0.120376,1,81.7405,0.000150996,0,99.9975,4.89195,4.90215
80,0.0001,8,75.5458,0.5,0,100,4.89224,4.90215
81,0.10919,1,78.49,0.0001,0,15.8298,4.87363,4.90215
82,0.117898,13,73.4404,0.000136394,0,99.9974,4.88459,4.90215
83,0.5,7,77.21,0.268953,0,99.9967,4.88081,4.90215
84,0.0930518,3,69.2092,0.5,1,99.9977,4.87141,4.90215
85,0.168308,8,85.1253,0.21805,0,99.9968,4.89819,4.90215
86,0.5,5,87.7412,0.0001,0,99.994,4.88216,4.90215
87,0.00015454,9,80.659,0.499998,0,99.9974,4.88651,4.90215
88,0.499993,5,77.3182,0.0377992,1,99.9976,4.85519,4.90215
89,0.000142242,1,83.4832,0.5,0,87.8199,4.90527,4.90527
90,0.000143796,1,83.5518,0.499995,0,99.9978,4.88763,4.90527
91,0.000148393,10,57.1723,0.499992,0,99.9979,4.8926,4.90527
92,0.000150709,16,55.8174,0.499978,0,99.999,4.89307,4.90527
93,0.000143735,1,61.2535,0.499983,0,99.9976,4.86112,4.90527
94,0.000143617,17,74.5459,0.499997,0,99.9976,4.8656,4.90527
95,0.00016138,1,86.5449,0.168546,0,0.01,4.87813,4.90527
96,0.000146156,12,86.862,0.000143898,0,99.9975,4.87996,4.90527
97,0.000143323,30,47.967,0.499989,0,99.9983,4.86545,4.90527
98,0.430234,26,20.6496,0.388412,1,55.5582,4.81281,4.90527
99,0.000144513,30,46.7933,0.499989,0,99.9981,4.88168,4.90527
100,0.499993,17,54.6673,0.499994,0,99.9977,4.90716,4.90716
101,0.499988,18,54.0602,0.499996,0,99.9991,4.89448,4.90716
102,0.000142932,16,52.863,0.499996,1,99.9976,4.81863,4.90716
103,0.499999,36,47.8674,0.499997,0,19.794,4.89328,4.90716
104,0.499991,4,91.1654,0.269785,0,35.9988,4.88234,4.90716
105,0.499992,13,83.3004,0.291578,0,23.6525,4.89945,4.90716
106,0.499997,1,92.2525,0.255013,0,72.0943,4.88581,4.90716
107,0.49999,16,74.5107,0.31499,0,37.6225,4.89243,4.90716
108,0.49999,16,90.0339,0.240624,0,0.0198744,4.88401,4.90716
109,0.197074,1,79.9888,0.305803,0,99.9964,4.89042,4.90716
110,0.499993,19,69.3933,0.321447,0,99.9977,4.89302,4.90716
111,0.301333,1,81.1329,0.32792,0,0.019579,4.8906,4.90716
112,0.499993,15,88.2084,0.18847,0,99.9981,4.88648,4.90716
113,0.5,21,67.4568,0.354697,0,2.48574,4.90314,4.90716
114,0.499993,15,60.228,0.499987,0,0.0202861,4.88145,4.90716
115,0.499996,30,51.8314,0.499995,0,99.9952,4.88971,4.90716
116,0.499995,31,65.434,0.499993,0,0.0198468,4.89055,4.90716
117,0.499615,27,58.7223,0.49936,0,99.9468,4.88138,4.90716
118,0.499994,41,46.7788,0.499992,0,0.0195247,4.8847,4.90716
119,0.192553,42,41.7978,0.499997,0,99.9973,4.87335,4.90716
120,0.294935,95,50.136,0.141389,0,48.1666,4.8249,4.90716
121,0.191471,42,41.7708,0.499995,0,99.9977,4.86748,4.90716
122,0.499994,22,54.7478,0.499991,0,0.0193348,4.87578,4.90716
123,0.499976,31,76.7515,0.499971,0,0.0195995,4.88702,4.90716
124,0.499994,36,64.5933,0.499991,0,0.0200621,4.88244,4.90716
125,0.135012,16,76.5019,0.2914,0,24.6928,4.88302,4.90716
126,0.499988,1,97.9754,0.250054,0,0.019067,4.89443,4.90716
127,0.49999,1,81.4016,0.309018,0,0.0201779,4.88099,4.90716
128,0.49999,22,83.5665,0.222839,0,0.0208287,4.88636,4.90716
129,0.49999,19,67.9194,0.321606,0,99.9978,4.88999,4.90716
130,0.0808741,1,90.7474,0.269117,0,99.998,4.87518,4.90716
131,0.499982,25,63.6162,0.336111,0,99.9976,4.89852,4.90716
132,0.499994,1,73.4013,0.30445,0,99.9985,4.89913,4.90716
133,0.49999,16,80.2471,0.334886,0,100,4.89028,4.90716
134,0.499987,25,61.6688,0.341863,0,99.9981,4.88698,4.90716
135,0.499997,25,49.5158,0.499994,0,99.9988,4.8882,4.90716
136,0.499965,9,66.481,0.499991,0,99.9991,4.88228,4.90716
137,0.499995,39,55.966,0.499997,0,99.9975,4.87849,4.90716
138,0.000144134,29,54.3323,0.49999,0,0.0193077,4.86015,4.90716
139,0.499995,13,61.8081,0.000142616,0,99.9978,4.89783,4.90716
140,0.499995,13,62.2439,0.000148797,0,99.9976,4.87755,4.90716
141,0.499989,16,70.0244,0.000162469,0,0.0219158,4.87724,4.90716
142,0.105053,67,38.5698,0.448518,1,91.9435,4.84318,4.90716
143,0.499991,16,70.0368,0.00014656,0,0.0196566,4.88854,4.90716
144,0.499991,27,73.7521,0.000146771,0,0.0193659,4.88674,4.90716
145,0.499995,26,73.7535,0.000141331,0,99.9954,4.8861,4.90716
146,0.499998,12,74.8038,0.499998,0,99.9959,4.88001,4.90716
147,0.499995,24,53.5135,0.00014083,0,99.9976,4.89005,4.90716
148,0.49999,11,66.4892,0.000144894,0,0.019473,4.88478,4.90716
149,0.499914,14,53.3224,0.499508,0,99.9381,4.8893,4.90716
150,0.499991,32,82.7203,0.000146635,0,0.0195481,4.87579,4.90716
151,0.499954,3,60.6339,0.499412,0,99.8247,4.8827,4.90716
152,0.499988,12,73.7394,0.000156664,0,0.0214117,4.88518,4.90716
153,0.499987,23,54.8956,0.000145739,0,100,4.88631,4.90716
154,0.499991,35,56.154,0.00014486,0,0.0196796,4.88194,4.90716
155,0.499996,11,68.7762,0.000140931,0,99.9977,4.88983,4.90716
156,0.499989,12,100,0.000152146,0,99.9988,4.91064,4.91064
157,0.5,13,100,0.000277016,0,100,4.89784,4.91064
158,0.499995,37,46.4967,0.00014198,0,99.9976,4.87867,4.91064
159,0.5,1,100,0.000195067,0,100,4.87859,4.91064
160,0.499585,20,99.9841,0.000480403,0,99.9092,4.88367,4.91064
161,0.499997,15,99.9997,0.000153458,1,0.0198649,4.87719,4.91064
162,0.499994,48,40.3719,0.49999,0,0.0203662,4.87713,4.91064
163,0.499989,1,61.9221,0.000143838,0,0.019965,4.88156,4.91064
164,0.42743,89,65.5547,0.427161,0,85.1775,4.85814,4.91064
165,0.49999,27,85.0572,0.000192992,0,99.9948,4.88778,4.91064
166,0.499994,15,91.1567,0.000145578,0,99.9973,4.8862,4.91064
167,0.499997,3,58.7907,0.00014143,0,99.9973,4.89192,4.91064
168,0.499995,14,54.0952,0.000144279,0,99.9975,4.89118,4.91064
169,0.499995,33,66.2629,0.000141974,0,99.9976,4.88259,4.91064
170,0.499994,48,52.7513,0.000151171,0,99.997,4.88996,4.91064
171,0.499994,52,57.0577,0.499992,0,0.019554,4.88665,4.91064
172,0.000146465,40,48.2043,0.000145515,0,0.0193296,4.86462,4.91064
173,0.499995,51,52.8073,0.499997,0,99.9977,4.88458,4.91064
174,0.499994,27,83.7688,0.499991,1,0.0200769,4.86611,4.91064
175,0.499993,1,92.7424,0.000137076,1,0.0194049,4.88404,4.91064
176,0.499998,6,100,0.5,1,99.9984,4.86939,4.91064
177,0.499994,1,58.8266,0.499988,0,0.0205956,4.8821,4.91064
178,0.499994,21,50.2523,0.499992,0,0.0195637,4.87403,4.91064
179,0.499993,39,71.5017,0.5,0,99.998,4.87445,4.91064
180,0.499996,22,89.2856,0.499994,0,99.9977,4.90144,4.91064
181,0.499993,20,91.4804,0.499997,0,99.9973,4.86803,4.91064
182,0.499993,1,87.5019,0.000159964,1,99.9976,4.86754,4.91064
183,0.499995,19,78.6464,0.000150918,0,99.9977,4.88683,4.91064
184,0.499983,23,99.999,0.000140373,0,0.0205545,4.88761,4.91064
185,0.49999,15,90.9635,0.000156711,0,0.0218332,4.90059,4.91064
186,0.0553661,75,86.1621,0.311522,0,80.8403,4.82163,4.91064
187,0.499989,15,90.9677,0.000156628,0,0.0218318,4.88263,4.91064
188,0.49999,46,47.707,0.499979,1,0.0258449,4.88213,4.91064
189,0.499995,33,44.309,0.499996,0,99.9974,4.88427,4.91064
190,0.499995,50,44.4724,0.499997,0,99.9976,4.86703,4.91064
191,0.499998,1,67.5163,0.00014181,0,99.9995,4.9028,4.91064
192,0.499995,1,67.6656,0.000146722,0,99.9969,4.88221,4.91064
193,0.499986,1,55.9475,0.000150844,0,99.9979,4.89021,4.91064
194,0.499982,1,75.0219,0.499979,1,0.0262652,4.90269,4.91064
195,0.499996,1,75.3641,0.499993,1,0.0207207,4.89429,4.91064
196,0.499993,12,73.7068,0.499991,1,0.0200143,4.88811,4.91064
197,0.499994,1,83.453,0.499991,1,0.0207262,4.88343,4.91064
198,0.49999,1,66.6749,0.000150442,0,0.0201,4.89456,4.91064
199,0.5,1,67.5993,0.000144428,0,0.0198855,4.90334,4.91064
200,0.000119021,1,66.5689,0.000136187,0,0.0109989,4.89192,4.91064
201,0.000149825,1,71.6201,0.000153271,1,0.0208143,4.89094,4.91064
202,0.5,1,66.7789,0.000176728,1,0.027751,4.90104,4.91064
203,0.5,1,67.2306,0.000158172,1,0.0190757,4.9098,4.91064
204,0.5,1,68.5496,0.000169345,1,0.0238338,4.87817,4.91064
205,0.000151129,1,75.3153,0.000160002,1,0.0193149,4.88468,4.91064
206,0.000117316,1,61.9483,0.000102355,0,0.0231173,4.89408,4.91064
207,0.499989,1,61.9952,0.000143576,0,0.0200147,4.88526,4.91064
208,0.166001,92,64.5997,0.31422,1,46.9076,4.81474,4.91064

Best eval with params:
eval (mc_estimate_expected_utility) = 4.91064
smbts_search_temp_decay_visits_scale = 99.9988
smbts_epsilon = 0.000152146
smbts_search_temp = 100
smbts_use_search_temp_decay = 0
sm_split_visit_thresh = 12
sm_l_inf_thresh = 0.499989
