env_id,alg_id,search_runtime,max_trial_length,rollouts_per_mc_eval,num_repeats,num_threads
fruit-tree-depth-7,smdents,20,50,1024,5,16

hp_opt_iter,sm_l_inf_thresh,sm_split_visit_thresh,smbts_search_temp,smbts_epsilon,smbts_use_search_temp_decay,smbts_search_temp_decay_visits_scale,smdents_entropy_temp_init,smdents_entropy_temp_visits_scale,eval(mc_estimate_expected_utility),best_eval_so_far
MIN,0.0001,1,0.01,0.0001,0,0.01,0.001,0.01,MIN
MAX,0.5,100,100,0.5,1,100,100,100,MAX
0,0.261774,66,29.5845,0.230625,1,62.5688,6.09774,62.4123,4.81185,4.81185
1,0.34071,73,47.5975,0.0873852,0,91.383,72.3285,2.5159,4.85551,4.85551
2,0.023029,32,8.19618,0.398038,0,14.3238,45.4889,89.2893,4.85745,4.85745
3,0.227393,49,62.0245,0.283515,1,25.0692,90.7463,41.2446,4.80137,4.85745
4,0.107895,53,30.6771,0.0493327,1,52.9676,57.5844,54.0548,4.80977,4.85745
5,0.414145,17,79.9328,0.330638,0,31.6251,16.7481,17.6524,4.87786,4.87786
6,0.383973,9,11.1579,0.162509,1,75.7466,28.0008,76.5944,4.82152,4.87786
7,0.487917,89,84.9151,0.472291,1,48.761,32.2283,98.4033,4.82577,4.87786
8,0.180408,97,54.7722,0.423413,0,0.637083,83.3346,21.2018,4.81355,4.87786
9,0.0846485,25,93.9696,0.126397,0,82.0511,66.5436,38.2144,4.87003,4.87786
10,0.499997,1,99.9984,0.000135729,0,99.9948,80.1615,0.0215338,4.89158,4.89158
11,0.499968,1,100,0.00013349,0,100,100,99.9991,4.87716,4.89158
12,0.000137554,1,99.9993,0.000160574,0,99.999,99.999,0.0200555,4.85771,4.89158
13,0.5,1,100,0.0001,0,100,0.001,100,4.88447,4.89158
14,0.499993,1,99.9976,0.000146528,0,99.997,0.00896071,99.9982,4.89621,4.89621
15,0.499995,1,99.9975,0.000150159,0,99.9969,0.00978025,99.998,4.89168,4.89621
16,0.499986,1,0.0192391,0.000151675,0,99.9984,0.00840082,99.998,4.3959,4.89621
17,0.499989,1,100,0.499992,0,0.0188012,100,0.017762,4.88631,4.89621
18,0.499991,1,99.9982,0.499992,0,99.9994,99.9974,0.0198663,4.89947,4.89947
19,0.00016886,1,99.9991,0.49998,0,0.0148296,99.9989,0.0169525,4.88254,4.89947
20,0.000147043,99,18.2884,0.499987,0,0.0201028,99.9976,0.0200585,4.81771,4.89947
21,0.104662,1,42.4226,0.499996,1,0.0200935,0.0136305,99.9987,4.89575,4.89947
22,0.295724,7,40.0648,0.481431,1,5.95197,63.6713,62.5567,4.89076,4.89947
23,0.000170298,78,42.449,0.325566,1,76.4291,25.2992,98.9376,4.78708,4.89947
24,0.499989,1,37.4508,0.499989,1,0.0196443,0.0106636,99.9974,4.87232,4.89947
25,0.499991,1,39.043,0.313061,1,0.0201924,0.0115738,57.2054,4.90163,4.90163
26,0.49999,1,39.5698,0.499988,1,0.0193638,0.0103864,44.2802,4.89069,4.90163
27,0.499983,1,37.9085,0.2527,1,0.0182826,86.2456,99.9984,4.8868,4.90163
28,0.499988,1,39.9716,0.499991,1,0.0197523,0.0117032,99.9977,4.88999,4.90163
29,0.499991,1,36.3987,0.499995,1,0.0202517,0.0112944,87.2044,4.88437,4.90163
30,0.497146,12,43.1786,0.289883,1,61.5608,0.0124639,29.282,4.84094,4.90163
31,0.5,1,96.0321,0.5,1,63.8745,0.001,99.9875,4.88336,4.90163
32,0.28201,26,46.4965,0.40247,1,87.5592,68.5587,91.3445,4.83352,4.90163
33,0.5,1,96.0807,0.5,1,62.7455,2.15397,96.2478,4.88393,4.90163
34,0.5,1,95.2461,0.000139897,0,0.01,99.9934,71.496,4.89787,4.90163
35,0.5,1,95.7284,0.000166519,1,99.9996,99.9998,77.6252,4.87349,4.90163
36,0.127812,1,96.8066,0.499677,0,0.01,4.36113,89.5549,4.89577,4.90163
37,0.5,14,98.2522,0.5,0,0.01,15.8444,99.993,4.8944,4.90163
38,0.424983,12,98.5056,0.0429133,1,0.0165888,0.0773088,99.998,4.8918,4.90163
39,0.5,9,97.3065,0.5,0,0.0313573,100,99.9999,4.88802,4.90163
40,0.000131442,6,99.078,0.5,1,0.0255877,0.001,100,4.8839,4.90163
41,0.266418,1,97.1383,0.000138522,0,0.0256425,0.001,99.9966,4.8836,4.90163
42,0.5,36,98.9032,0.230681,0,0.017873,99.9938,100,4.88988,4.90163
43,0.000150498,25,98.1194,0.0001,0,0.0190911,99.9966,99.9988,4.87971,4.90163
44,0.5,1,98.3774,0.5,0,0.0130781,100,99.9989,4.90179,4.90179
45,0.5,1,98.2603,0.5,0,0.0213833,99.9998,99.9962,4.89136,4.90179
46,0.0001,1,96.4019,0.5,0,0.0188779,99.9986,99.9977,4.88953,4.90179
47,0.5,1,99.8052,0.5,0,0.01,0.001,99.996,4.88055,4.90179
48,0.5,1,97.8574,0.0001,0,0.0178188,100,99.996,4.88195,4.90179
49,0.5,1,97.0448,0.488647,0,0.0207858,0.001,0.01,4.89549,4.90179
50,0.5,1,97.2024,0.457217,0,0.0215689,8.75686,0.01,4.89594,4.90179
51,0.5,35,97.9207,0.418377,0,0.0232669,3.29232,0.017041,4.90437,4.90437
52,0.5,37,97.6866,0.5,0,0.0270914,28.237,0.0143511,4.89071,4.90437
53,0.5,18,97.8487,0.0001,0,0.0166194,0.001,0.0188612,4.8903,4.90437
54,0.342498,56,44.8925,0.317482,1,20.7982,33.2842,85.287,4.81368,4.90437
55,0.5,18,97.8492,0.0001,0,0.0283,0.001,0.0291882,4.89431,4.90437
56,0.5,21,96.9641,0.5,0,0.0322265,100,0.0181973,4.89444,4.90437
57,0.5,1,97.8882,0.144722,0,0.0290491,0.001,0.0199591,4.88392,4.90437
58,0.5,24,98.0289,0.5,1,0.0330105,51.9909,0.0246799,4.91132,4.91132
59,0.5,35,98.4758,0.5,1,100,1.18763,0.0257754,4.82339,4.91132
60,0.000119623,1,96.0768,0.5,0,0.0178917,99.9982,0.0179009,4.87527,4.91132
61,0.5,1,93.1383,0.115033,0,0.0201616,0.001,0.0191551,4.90459,4.91132
62,0.499843,1,94.7143,0.499128,1,0.197773,84.6658,0.0478177,4.87351,4.91132
63,0.132845,1,89.8677,0.000147168,0,0.0201257,9.34313,0.0179887,4.90163,4.91132
64,0.399815,1,90.4146,0.0272794,0,0.0181284,100,35.8287,4.86828,4.91132
65,0.5,34,94.1743,0.000144354,0,0.0195366,0.010762,0.0195953,4.87771,4.91132
66,0.000149175,1,94.979,0.000149776,0,0.01984,0.0106154,0.0199252,4.88343,4.91132
67,0.000137926,1,86.0688,0.111548,0,0.019417,0.01073,0.0199968,4.88451,4.91132
68,0.000149074,1,86.5317,0.000148459,0,99.9966,99.9991,0.0200944,4.89257,4.91132
69,0.000123516,1,90.3162,0.0547613,0,0.0185493,89.1186,99.9983,4.8822,4.91132
70,0.000148321,1,83.8152,0.000147932,0,99.9996,99.9985,99.998,4.89001,4.91132
71,0.000148828,1,85.2752,0.000148962,1,0.0183941,99.9991,0.0198915,4.87919,4.91132
72,0.499989,1,89.6744,0.499993,0,99.9976,0.0109263,99.9975,4.88879,4.91132
73,0.499999,1,86.7673,0.499983,1,83.739,0.0121206,83.3562,4.86363,4.91132
74,0.499987,16,93.4858,0.5,0,0.0229923,0.001,99.9988,4.88926,4.91132
75,0.499995,27,87.8739,0.000154083,0,0.0181631,81.7553,99.9959,4.89498,4.91132
76,0.22643,75,86.5602,0.136067,0,50.9167,7.87807,40.2971,4.84367,4.91132
77,0.000158743,22,88.7814,0.499975,0,0.0169766,99.9953,99.9997,4.88088,4.91132
78,0.499997,1,93.1977,0.000179603,0,0.0186776,0.001,99.9998,4.89384,4.91132
79,0.499997,24,94.0359,0.000152368,0,0.0194407,99.9991,99.9979,4.88924,4.91132
80,0.499999,1,85.3342,0.000134685,0,0.0183968,99.9994,99.9988,4.87472,4.91132
81,0.0001,1,91.7208,0.499979,0,99.9998,0.00891198,0.0163737,4.9086,4.91132
82,0.5,1,93.5884,0.499988,0,99.9938,0.012446,0.0203606,4.87782,4.91132
83,0.000119671,14,88.943,0.499994,0,99.9951,0.0136798,0.01,4.87005,4.91132
84,0.000148154,1,92.2881,0.000148916,0,99.9976,0.00976832,99.9982,4.88509,4.91132
85,0.000158181,16,94.1161,0.5,0,0.01,0.00740305,99.9935,4.89023,4.91132
86,0.5,1,95.504,0.5,0,99.9987,0.00927343,99.9974,4.89953,4.91132
87,0.000165022,1,88.7245,0.000140421,0,99.999,0.011211,99.9987,4.88325,4.91132
88,0.5,1,93.8087,0.000146024,0,100,0.0117416,0.0139919,4.89862,4.91132
89,0.000147518,1,94.2819,0.000151003,0,99.9993,0.00933586,0.0191033,4.88609,4.91132
90,0.365529,18,88.9784,0.00013066,0,99.9996,0.00977792,0.0191006,4.87766,4.91132
91,0.5,1,94.1059,0.499989,0,99.9986,99.9989,100,4.89367,4.91132
92,0.5,1,92.6342,0.499987,0,99.9996,99.9998,0.0189346,4.89361,4.91132
93,0.5,15,93.798,0.499993,0,0.01,99.9982,0.0203593,4.87347,4.91132
94,0.5,1,93.3412,0.000145793,1,0.0223228,0.00907835,99.9992,4.89843,4.91132
95,0.000147852,1,92.3197,0.5,1,0.016118,0.00967636,99.9972,4.88863,4.91132
96,0.5,15,94.7061,0.000135632,1,0.0201143,0.0103927,99.9976,4.89097,4.91132
97,0.000139348,1,92.049,0.000149692,1,0.0193457,0.0123392,0.01,4.88315,4.91132
98,0.0187497,10,44.6472,0.316403,0,69.7899,26.9814,7.50456,4.89821,4.91132
99,0.000134219,1,92.0391,0.000144903,1,0.0211656,0.01187,0.01,4.89406,4.91132
100,0.000148611,18,90.1507,0.000138034,1,0.0188243,0.00958799,99.9979,4.86947,4.91132
101,0.000118231,1,93.2034,0.499957,0,99.9917,100,100,4.87707,4.91132
102,0.000147816,1,82.0942,0.499988,0,99.9992,99.9985,0.0190452,4.88435,4.91132
103,0.000149548,1,81.2972,0.000153208,1,99.9966,0.00946028,0.0193711,4.82226,4.91132
104,0.5,1,93.301,0.499982,0,0.0236838,0.001,99.9896,4.89382,4.91132
105,0.499987,20,99.9961,0.499988,0,0.0211241,0.001,99.9972,4.90219,4.91132
106,0.499991,16,96.2387,0.499999,0,0.0168122,0.001,99.9973,4.91134,4.91134
107,0.499986,16,96.2421,0.499997,0,0.0155394,0.001,99.9998,4.88987,4.91134
108,0.499998,21,100,0.5,0,0.0162122,100,99.9961,4.90126,4.91134
109,0.499978,17,96.9257,0.499971,0,0.0163077,0.001,99.997,4.88015,4.91134
110,0.5,21,100,0.499993,0,0.0181661,99.9984,99.9989,4.89868,4.91134
111,0.499371,20,100,0.499218,0,0.127262,0.00382181,99.9154,4.86614,4.91134
112,0.499993,18,95.0417,0.499992,0,0.0187609,99.9992,99.9982,4.87853,4.91134
113,0.499991,4,89.2757,0.49999,0,0.0194968,100,87.3967,4.89316,4.91134
114,0.49999,24,85.71,0.499991,0,0.0190393,99.9984,86.8209,4.87698,4.91134
115,0.00407807,25,99.9998,0.000153014,0,0.0215917,99.9927,0.0190123,4.8776,4.91134
116,0.499482,4,90.7832,0.499393,0,0.0233708,0.0146309,99.9771,4.89025,4.91134
117,0.000151288,11,92.0123,0.000147625,0,0.0180372,99.9996,0.0187234,4.86686,4.91134
118,0.000147364,29,84.854,0.000144426,0,0.0191564,99.9984,0.0194082,4.8705,4.91134
119,0.000152956,1,39.839,0.499997,1,0.021063,99.9964,99.9988,4.88253,4.91134
120,0.268731,77,41.0826,0.103434,1,52.9129,19.5143,76.538,4.81905,4.91134
121,0.000149942,1,39.8175,0.499977,1,0.019127,99.9982,99.9961,4.88849,4.91134
122,0.000141422,1,35.3116,0.499997,1,0.0185699,99.9962,99.998,4.88907,4.91134
123,0.000146688,1,31.3824,0.499986,1,0.0215631,99.9989,99.997,4.88993,4.91134
124,0.49974,1,93.5885,0.499197,0,0.0491979,0.0154898,99.9824,4.89118,4.91134
125,0.499991,1,98.4296,0.333997,0,35.6918,8.2758,67.2966,4.89793,4.91134
126,0.499988,1,95.9813,0.427895,0,53.8628,26.0097,65.5976,4.88286,4.91134
127,0.499994,7,98.4179,0.290648,1,15.6467,0.0109927,52.2511,4.87645,4.91134
128,0.499989,1,84.7337,0.214092,0,65.9021,43.5787,91.3519,4.88537,4.91134
129,0.499972,1,86.9917,0.49999,1,0.020576,0.0118022,76.0411,4.88643,4.91134
130,0.499986,1,99.9991,0.499982,1,34.3706,100,99.9964,4.87511,4.91134
131,0.49999,24,99.9988,0.479297,1,0.0182712,0.0112685,0.0210393,4.89407,4.91134
132,0.499998,1,100,0.0001,1,0.0236664,0.00919486,0.021961,4.90682,4.91134
133,0.499989,1,93.9834,0.000150204,1,21.692,0.0102213,0.0196724,4.87634,4.91134
134,0.00013509,1,99.9977,0.499997,0,57.565,0.0104976,99.8433,4.8842,4.91134
135,0.000143889,1,27.0838,0.49999,1,0.0182433,99.9965,99.9994,4.88991,4.91134
136,0.00014892,13,24.2646,0.499985,1,0.0199993,99.9994,99.9965,4.90117,4.91134
137,0.000140011,11,31.5839,0.499965,1,0.0197059,99.9999,99.997,4.89178,4.91134
138,0.00014948,1,25.7254,0.499988,1,0.0170667,99.996,99.9961,4.87288,4.91134
139,0.000145225,25,21.3332,0.499983,1,0.0186282,99.9967,99.9971,4.87204,4.91134
140,0.000140782,1,35.102,0.499999,1,0.0148265,99.9962,0.0198582,4.88255,4.91134
141,0.000164319,1,30.8983,0.499979,1,0.0206629,99.9989,0.0244444,4.89559,4.91134
142,0.431033,67,68.6968,0.476719,1,65.5173,98.109,28.2474,4.81855,4.91134
143,0.000143698,1,30.9111,0.499987,1,0.0171573,99.9977,0.0201283,4.90137,4.91134
144,0.00015121,11,30.2624,0.499991,1,0.0176213,99.9981,0.0194852,4.88815,4.91134
145,0.000164783,1,28.4884,0.5,1,0.0180156,99.9992,0.0207925,4.88919,4.91134
146,0.00015037,1,72.6668,0.499981,0,60.7886,0.0121368,0.01,4.89996,4.91134
147,0.000149595,1,78.2338,0.499993,0,57.5888,0.0099064,99.9998,4.87604,4.91134
148,0.499992,20,100,0.499987,1,0.0182772,0.0104746,0.0205777,4.89789,4.91134
149,0.000150994,17,99.9969,0.499984,1,0.0194824,0.0126386,0.0251337,4.87734,4.91134
150,0.499989,1,89.4443,0.499992,0,67.8604,99.9974,0.0198394,4.89355,4.91134
151,0.5,1,100,0.498053,1,0.0161652,0.00925903,99.9965,4.89917,4.91134
152,0.499999,1,71.8732,0.499997,1,0.0183865,0.00736763,46.2692,4.90106,4.91134
153,0.49999,1,84.5877,0.499974,1,0.0187536,0.0106885,100,4.88547,4.91134
154,0.499997,1,86.2436,0.499989,1,0.0183864,0.0114875,0.0198022,4.89516,4.91134
155,0.499976,1,100,0.499978,0,67.0576,0.00508221,0.0203152,4.8957,4.91134
156,0.000143091,1,87.3932,0.000149525,0,75.9157,99.9982,0.022918,4.88927,4.91134
157,0.000128804,1,87.4897,0.000157834,0,59.8782,99.9975,0.0196397,4.89393,4.91134
158,0.499972,1,99.9984,0.000145564,0,82.0105,0.0110212,0.0202147,4.8944,4.91134
159,0.491696,1,82.0095,0.000147316,0,72.3606,0.0111992,0.0203436,4.9106,4.91134
160,0.471708,1,82.1791,0.00015022,0,72.1326,0.0105272,0.0196387,4.89022,4.91134
161,0.332536,1,99.9992,0.000150259,0,70.9871,0.00882889,0.0198445,4.899,4.91134
162,0.499988,1,85.187,0.000149302,0,59.8166,0.0109745,0.0195415,4.88289,4.91134
163,0.000157893,1,87.4157,0.5,0,76.2395,0.00940607,0.017448,4.87413,4.91134
164,0.340607,84,36.9048,0.126229,1,46.109,63.5735,97.9173,4.80206,4.91134
165,0.000145872,1,87.3126,0.5,0,76.1943,0.0091297,0.0184798,4.90317,4.91134
166,0.000140566,1,84.0595,0.5,0,74.2736,0.0104891,0.0227962,4.87227,4.91134
167,0.471133,1,60.7731,0.000174373,1,0.01956,0.00880875,0.0100006,4.89341,4.91134
168,0.461241,1,65.5138,0.000148128,1,0.0180539,0.011357,99.9984,4.87684,4.91134
169,0.365363,1,60.8156,0.499992,0,17.7686,0.00933728,0.0203173,4.90073,4.91134
170,0.499988,1,68.8113,0.499991,0,33.1013,0.0113072,0.0207234,4.89042,4.91134
171,0.5,1,88.5711,0.49999,0,33.0974,0.0118439,0.0197812,4.89475,4.91134
172,0.499998,1,83.7631,0.499992,0,42.7127,0.0112547,0.0208334,4.87845,4.91134
173,0.000144762,1,53.504,0.499993,1,0.0179672,0.0109205,0.0190902,4.859,4.91134
174,0.499989,16,100,0.000156233,0,0.0174933,0.00949575,99.9973,4.89992,4.91134
175,0.499995,1,100,0.000142828,1,0.0175191,0.00888343,99.9994,4.88887,4.91134
176,0.499984,1,67.8899,0.000145271,0,29.045,0.0133698,99.9989,4.89127,4.91134
177,0.499981,1,80.6107,0.000149938,0,24.5055,0.00905802,99.9999,4.88186,4.91134
178,0.499987,1,100,0.000153178,0,54.2717,99.9974,99.9977,4.88521,4.91134
179,0.499987,1,67.6632,0.49999,0,53.3872,99.9984,0.01,4.88164,4.91134
180,0.499985,23,100,0.000152948,1,0.0190085,0.00989155,0.0194642,4.89897,4.91134
181,0.499992,1,82.8953,0.000130072,1,0.0181479,0.0106901,0.0196346,4.88845,4.91134
182,0.49998,1,85.1077,0.499999,0,75.6523,99.9961,98.7079,4.89394,4.91134
183,0.499987,18,100,0.000146189,0,37.1105,0.0105244,59.0636,4.89191,4.91134
184,0.499973,1,76.5732,0.000151527,0,81.6564,99.9959,0.01,4.89162,4.91134
185,0.499992,20,99.9933,0.5,0,48.0611,99.9942,39.7028,4.89895,4.91134
186,0.362151,99,48.4877,0.487382,1,54.2969,91.4886,9.05228,4.83506,4.91134
187,0.49997,21,99.9989,0.5,0,47.6801,99.9965,45.5781,4.91789,4.91789
188,0.499988,25,99.9981,0.499998,0,55.9874,99.9973,99.864,4.88202,4.91789
189,0.499258,8,99.9726,0.499188,0,53.2277,99.9189,0.01,4.87904,4.91789
190,0.499997,20,85.2331,0.000168999,0,67.9693,99.999,99.9977,4.88231,4.91789
191,0.499994,28,100,0.499988,1,0.0200377,99.9974,99.9973,4.89015,4.91789
192,0.499991,26,100,0.499985,0,26.6494,99.9996,99.9965,4.88405,4.91789
193,0.000155469,1,60.274,0.499995,0,0.0181835,0.00924573,99.9976,4.87648,4.91789
194,0.000160923,1,62.596,0.499993,1,34.3463,0.009131,99.9997,4.86857,4.91789
195,0.499979,20,99.9994,0.000166644,1,0.01,99.9977,0.0204705,4.88504,4.91789
196,0.499994,1,57.1836,0.499994,1,0.0177523,99.9998,0.0198312,4.90232,4.91789
197,0.499989,1,67.4384,0.499997,1,0.0191728,99.9977,0.0200784,4.89565,4.91789
198,0.499984,1,53.275,0.499993,1,0.0202916,99.9994,0.0152615,4.88075,4.91789
199,0.499989,1,73.6938,0.499999,1,24.1885,99.9976,0.0233107,4.90051,4.91789
200,0.499999,1,76.092,0.499985,1,0.0188267,99.9978,0.0203302,4.89321,4.91789
201,0.499974,1,74.8005,0.499964,1,0.0163586,0.001,0.0125626,4.8939,4.91789
202,0.499989,17,83.4766,0.499985,1,0.0243018,99.9985,0.0261757,4.88912,4.91789
203,0.499933,1,51.9493,0.499994,1,19.6263,99.9996,0.0251252,4.87686,4.91789
204,0.499985,1,85.2133,0.499991,0,63.2093,100,0.0195118,4.90199,4.91789
205,0.499997,1,77.703,0.499997,1,34.1487,100,0.0241364,4.90353,4.91789
206,0.499989,1,99.9974,0.499998,1,31.2045,99.9979,0.0183182,4.90804,4.91789
207,0.499997,1,99.9959,0.000147831,1,43.8425,99.9981,0.0194365,4.89195,4.91789
208,0.276354,90,84.7073,0.127429,0,96.2523,0.00592658,86.5028,4.87599,4.91789

Best eval with params:
eval (mc_estimate_expected_utility) = 4.91789
smdents_entropy_temp_visits_scale = 45.5781
smbts_search_temp_decay_visits_scale = 47.6801
smbts_epsilon = 0.5
smbts_search_temp = 99.9989
smdents_entropy_temp_init = 99.9965
smbts_use_search_temp_decay = 0
sm_split_visit_thresh = 21
sm_l_inf_thresh = 0.49997
