env_id,alg_id,search_runtime,max_trial_length,rollouts_per_mc_eval,num_repeats,num_threads
fruit-tree-stoch-depth-5,chmcts,20,50,1024,5,16

hp_opt_iter,czt_bias,czt_ball_split_visit_thresh,eval(mc_estimate_expected_utility),best_eval_so_far
MIN,0.01,1,MIN
MAX,100,100,MAX
0,37.5888,10,3.54536,3.54536
1,72.0523,60,3.56106,3.56106
2,51.041,24,3.53431,3.56106
3,60.1986,88,3.52253,3.56106
4,81.6126,16,3.52151,3.56106
5,24.7949,74,3.51384,3.56106
6,99.9792,43,3.52391,3.56106
7,4.71651,93,3.52067,3.56106
8,14.5846,30,3.50902,3.56106
9,45.8887,56,3.53014,3.56106
10,70.7874,99,3.52793,3.56106
11,74.4615,1,3.53969,3.56106
12,34.5482,99,3.55739,3.56106
13,34.5667,99,3.54033,3.56106
14,39.2903,99,3.54154,3.56106
15,90.9413,99,3.52957,3.56106
16,33.1085,1,3.51323,3.56106
17,67.7079,1,3.51053,3.56106
18,41.0957,99,3.52574,3.56106
19,75.9706,99,3.53813,3.56106
20,73.2726,66,3.52426,3.56106
21,36.6445,70,3.50349,3.56106
22,71.809,13,3.52391,3.56106
23,53.5136,99,3.51924,3.56106
24,40.1732,1,3.51565,3.56106
25,93.5786,1,3.56642,3.56642
26,94.2714,1,3.5331,3.56642
27,91.9246,1,3.53173,3.56642
28,94.1812,57,3.54702,3.56642
29,95.7454,99,3.55027,3.56642
30,100,1,3.53434,3.56642
31,0.01,1,3.41462,3.56642
32,84.451,78,3.54925,3.56642
33,0.01,1,3.41864,3.56642
34,100,99,3.53834,3.56642
35,100,99,3.5122,3.56642
36,100,99,3.53007,3.56642
37,100,99,3.53236,3.56642
38,100,1,3.54093,3.56642
39,100,99,3.53785,3.56642
40,100,1,3.534,3.56642
41,100,1,3.55266,3.56642
42,100,1,3.54931,3.56642
43,100,1,3.51658,3.56642
44,77.993,99,3.53893,3.56642
45,85.1192,49,3.53932,3.56642
46,61.6248,99,3.52475,3.56642
47,59.0392,1,3.53906,3.56642
48,81.465,1,3.51092,3.56642
49,81.3577,99,3.53339,3.56642
50,99.959,49,3.51392,3.56642
51,83.335,54,3.53382,3.56642
52,17.898,99,3.55407,3.56642
53,0.01,99,3.43873,3.56642
54,32.1894,90,3.52269,3.56642
55,55.1107,1,3.56621,3.56642
56,0.01,99,3.43462,3.56642
57,54.6568,1,3.53496,3.56642
58,54.718,1,3.50788,3.56642
59,59.5026,53,3.53294,3.56642
60,51.2286,99,3.53748,3.56642
61,83.7465,54,3.52842,3.56642
62,23.9293,99,3.53698,3.56642
63,24.6456,1,3.54898,3.56642
64,23.9599,99,3.52933,3.56642
65,25.0418,1,3.5546,3.56642
66,25.0263,1,3.54515,3.56642
67,25.1751,1,3.53299,3.56642
68,89.5518,1,3.52731,3.56642
69,45.7465,1,3.50214,3.56642
70,23.7292,99,3.52805,3.56642
71,20.7511,1,3.53764,3.56642
72,17.2642,99,3.52841,3.56642
73,91.0973,1,3.54481,3.56642
74,18.6864,1,3.52248,3.56642
75,90.4827,99,3.52775,3.56642
76,14.2362,89,3.52397,3.56642
77,90.4827,99,3.5183,3.56642
78,66.4642,99,3.53055,3.56642
79,29.5213,1,3.53746,3.56642
80,63.9492,1,3.52226,3.56642
81,91.9181,1,3.51649,3.56642
82,47.9869,99,3.52764,3.56642
83,76.4334,99,3.5182,3.56642
84,29.1605,99,3.50142,3.56642
85,56.2261,99,3.54436,3.56642
86,89.5006,99,3.54617,3.56642
87,92.3588,99,3.53464,3.56642
88,87.1932,98,3.52721,3.56642
89,55.9928,99,3.51878,3.56642
90,19.6162,1,3.51285,3.56642
91,76.5429,6,3.49972,3.56642
92,62.7397,2,3.523,3.56642
93,30.9692,2,3.5301,3.56642
94,50.005,6,3.52438,3.56642
95,89.7314,1,3.55178,3.56642
96,44.1798,98,3.52591,3.56642
97,93.2312,1,3.56196,3.56642
98,5.79815,22,3.49965,3.56642
99,93.3213,1,3.54549,3.56642
100,88.1049,1,3.52216,3.56642
101,24.4912,99,3.53043,3.56642
102,94.7965,1,3.55192,3.56642
103,94.7525,1,3.52242,3.56642
104,16.675,95,3.54291,3.56642
105,16.675,95,3.53666,3.56642
106,61.0223,99,3.5167,3.56642
107,50.005,98,3.5161,3.56642
108,34.028,6,3.52916,3.56642
109,15.2184,1,3.5364,3.56642
110,42.4357,1,3.53048,3.56642
111,87.778,1,3.55155,3.56642
112,94.779,1,3.52444,3.56642
113,84.1198,1,3.52667,3.56642
114,29.1738,17,3.53096,3.56642
115,12.1343,13,3.53149,3.56642
116,88.2219,1,3.51346,3.56642
117,16.675,17,3.5358,3.56642
118,53.7685,2,3.53249,3.56642
119,20.1022,1,3.55244,3.56642
120,4.36558,73,3.54043,3.56642
121,21.7255,1,3.53875,3.56642
122,13.8335,1,3.55456,3.56642
123,16.675,95,3.51628,3.56642
124,36.6791,2,3.53549,3.56642
125,95.8572,99,3.53225,3.56642
126,69.5954,99,3.53475,3.56642
127,95.8625,99,3.54429,3.56642
128,96.7523,1,3.50742,3.56642
129,72.2883,99,3.51078,3.56642
130,10.3282,99,3.52334,3.56642
131,37.9393,99,3.53274,3.56642
132,93.6304,99,3.53342,3.56642
133,26.9293,4,3.52402,3.56642
134,38.895,17,3.56513,3.56642
135,38.6666,1,3.54321,3.56642
136,40.1294,1,3.54585,3.56642
137,36.9194,20,3.53154,3.56642
138,86.1526,99,3.52862,3.56642
139,40.2902,5,3.53159,3.56642
140,50.005,6,3.5214,3.56642
141,95.8337,95,3.52163,3.56642
142,66.8991,29,3.53653,3.56642
143,95.8337,95,3.52473,3.56642
144,81.8596,99,3.54394,3.56642
145,87.993,99,3.50011,3.56642
146,79.573,99,3.52226,3.56642
147,59.0523,99,3.53834,3.56642
148,65.5922,99,3.52876,3.56642
149,68.9051,94,3.53655,3.56642
150,55.9276,99,3.54252,3.56642
151,52.8029,99,3.55621,3.56642
152,55.9276,99,3.54854,3.56642
153,42.4652,82,3.54011,3.56642
154,39.0099,99,3.5393,3.56642
155,57.106,85,3.52394,3.56642
156,71.5511,99,3.52341,3.56642
157,83.335,95,3.53889,3.56642
158,40.4347,99,3.52303,3.56642
159,52.9101,98,3.49951,3.56642
160,35.978,7,3.52923,3.56642
161,59.3199,1,3.53386,3.56642
162,59.3207,1,3.52199,3.56642
163,40.9022,1,3.52561,3.56642
164,59.5865,52,3.52509,3.56642
165,9.67331,1,3.54671,3.56642
166,41.0287,1,3.51694,3.56642
167,9.69049,1,3.56601,3.56642
168,9.68693,1,3.56045,3.56642
169,9.68937,1,3.51068,3.56642
170,8.72503,1,3.52308,3.56642
171,21.9874,5,3.5557,3.56642
172,12.005,1,3.56227,3.56642
173,11.9905,1,3.51432,3.56642
174,22.1697,1,3.53891,3.56642
175,22.161,1,3.53106,3.56642
176,26.3151,1,3.54083,3.56642
177,13.0001,1,3.52771,3.56642
178,20.2236,3,3.54922,3.56642
179,20.5764,1,3.53001,3.56642
180,35.0713,6,3.53345,3.56642
181,26.8633,8,3.53068,3.56642
182,9.16574,7,3.51742,3.56642
183,18.5295,1,3.53308,3.56642
184,57.5608,6,3.54579,3.56642
185,55.7223,9,3.53104,3.56642
186,75.4296,19,3.5195,3.56642
187,92.6109,1,3.52662,3.56642
188,98.1683,1,3.53015,3.56642
189,47.2888,12,3.52984,3.56642
190,31.9054,2,3.57012,3.57012
191,69.9946,11,3.52644,3.57012
192,31.8218,1,3.54018,3.57012
193,56.4333,2,3.51928,3.57012
194,30.9877,1,3.52796,3.57012
195,7.53724,2,3.54036,3.57012
196,22.4737,1,3.55106,3.57012
197,28.9828,1,3.56384,3.57012
198,32.2219,1,3.50465,3.57012
199,81.7845,2,3.54962,3.57012
200,65.5081,1,3.51471,3.57012
201,77.9773,3,3.52985,3.57012
202,84.1827,1,3.53286,3.57012
203,23.576,1,3.51974,3.57012
204,15.5532,2,3.51536,3.57012
205,81.6996,2,3.51631,3.57012
206,26.6231,3,3.52338,3.57012
207,42.9235,1,3.51789,3.57012
208,93.3859,54,3.53254,3.57012

Best eval with params:
eval (mc_estimate_expected_utility) = 3.57012
czt_ball_split_visit_thresh = 2
czt_bias = 31.9054
