env_id,alg_id,search_runtime,max_trial_length,rollouts_per_mc_eval,num_repeats,num_threads
fruit-tree-stoch-depth-5,smbts,20,50,1024,5,16

hp_opt_iter,sm_l_inf_thresh,sm_split_visit_thresh,smbts_search_temp,smbts_epsilon,smbts_use_search_temp_decay,smbts_search_temp_decay_visits_scale,eval(mc_estimate_expected_utility),best_eval_so_far
MIN,0.0001,1,0.01,0.0001,0,0.01,MIN
MAX,0.5,100,100,0.5,1,100,MAX
0,0.475618,5,76.8643,0.271537,0,0.595775,3.87153,3.87153
1,0.177513,21,38.9384,0.345596,0,51.0503,3.85802,3.87153
2,0.223029,19,84.1066,0.415564,0,40.4925,3.81896,3.87153
3,0.104819,33,13.3757,0.00301726,1,82.0826,3.75888,3.87153
4,0.288303,63,58.243,0.460843,1,11.4368,3.82327,3.87153
5,0.357518,75,8.48932,0.113287,1,35.7956,3.83116,3.87153
6,0.0153688,55,61.4697,0.158945,0,79.2398,3.77492,3.87153
7,0.322302,41,25.8614,0.249458,1,23.7216,3.85868,3.87153
8,0.420216,96,40.1602,0.376579,1,97.4813,3.83497,3.87153
9,0.0729524,83,94.7987,0.0563255,0,63.0303,3.80306,3.87153
10,0.499999,1,99.9981,0.248602,0,0.0195138,3.88763,3.88763
11,0.499996,1,99.9976,0.228381,0,99.9985,3.87284,3.88763
12,0.5,99,99.998,0.230575,0,0.0201963,3.86557,3.88763
13,0.499996,1,0.0195458,0.258237,0,0.019835,3.84184,3.88763
14,0.499998,1,99.9981,0.227754,1,99.998,3.7052,3.88763
15,0.350168,99,99.9949,0.292979,0,0.0207928,3.77477,3.88763
16,0.0001,99,0.01,0.5,1,100,3.81806,3.88763
17,0.0001,1,0.01,0.5,0,0.01,3.7639,3.88763
18,0.5,1,0.01,0.5,0,0.01,3.82327,3.88763
19,0.5,1,0.01,0.0001,0,0.01,3.46888,3.88763
20,0.000143389,1,0.0218579,0.304026,1,0.0209266,3.78644,3.88763
21,0.49999,1,0.0225476,0.333531,0,99.9984,3.80865,3.88763
22,0.499993,99,0.0215075,0.256435,0,99.9975,3.84292,3.88763
23,0.261858,1,99.9982,0.259174,0,99.9977,3.85226,3.88763
24,0.324711,99,0.0198904,0.247114,0,0.0195323,3.6862,3.88763
25,0.499996,99,99.9992,0.402983,0,99.9981,3.78493,3.88763
26,0.5,1,0.01,0.5,1,0.01,3.82689,3.88763
27,0.000145588,1,99.999,0.39999,1,99.9981,3.80993,3.88763
28,0.5,1,0.0197424,0.390168,1,0.0196866,3.83916,3.88763
29,0.5,1,100,0.5,1,100,3.81157,3.88763
30,0.499993,1,99.9982,0.278982,0,99.9979,3.87518,3.88763
31,0.499993,1,99.9982,0.278068,0,99.9979,3.81322,3.88763
32,0.393252,8,97.9093,0.157003,1,98.4318,3.79902,3.88763
33,0.499993,1,99.9982,0.277689,0,99.998,3.84717,3.88763
34,0.00014344,1,99.9993,0.282853,0,99.9976,3.89019,3.89019
35,0.000143828,1,99.9993,0.284307,0,99.9976,3.83181,3.89019
36,0.499994,1,99.9984,0.292482,0,0.0199382,3.77468,3.89019
37,0.499982,1,0.0153866,0.499993,1,99.9991,3.84601,3.89019
38,0.000616309,1,99.9526,0.266857,0,99.9436,3.79203,3.89019
39,0.499993,1,0.0187516,0.407965,0,99.9985,3.86417,3.89019
40,0.000145034,1,0.0193382,0.437156,1,99.9975,3.74732,3.89019
41,0.499995,38,99.999,0.295886,0,99.9975,3.88791,3.89019
42,0.499995,38,99.999,0.295717,0,99.9975,3.86851,3.89019
43,0.499995,38,99.999,0.290191,0,99.9976,3.8379,3.89019
44,0.499986,31,99.9962,0.362919,0,99.9956,3.68918,3.89019
45,0.499995,37,0.0187137,0.240292,0,99.9975,3.80955,3.89019
46,0.499995,59,99.9989,0.304801,1,99.9974,3.81633,3.89019
47,0.275726,31,99.9988,0.253639,0,0.0192733,3.78534,3.89019
48,0.000145633,61,99.999,0.321303,1,99.9975,3.81965,3.89019
49,0.5,99,100,0.5,1,100,3.86214,3.89019
50,0.49998,64,0.01,0.499981,1,99.9976,3.82793,3.89019
51,0.000141251,1,99.9983,0.2036,1,99.9978,3.81996,3.89019
52,0.5,99,0.018089,0.430279,1,99.999,3.82679,3.89019
53,0.283013,1,0.0216559,0.35946,1,99.9981,3.85158,3.89019
54,0.105304,81,77.9517,0.0599679,1,81.9905,3.83589,3.89019
55,0.000145091,1,99.9989,0.105165,1,0.0201783,3.83618,3.89019
56,0.283497,1,0.0222148,0.359856,1,99.9988,3.81605,3.89019
57,0.134679,99,99.9987,0.120791,1,99.9982,3.84369,3.89019
58,0.141405,99,99.9997,0.260396,1,99.9979,3.81147,3.89019
59,0.164848,1,99.9987,0.329153,0,99.9982,3.85664,3.89019
60,0.341537,99,99.9987,0.436692,1,99.9973,3.80385,3.89019
61,0.0001,1,99.9998,0.348339,0,99.9995,3.91112,3.91112
62,0.000139715,1,0.0184785,0.0739427,1,99.9977,3.82721,3.91112
63,0.000138661,1,99.9997,0.354089,0,99.9944,3.85544,3.91112
64,0.000145471,1,99.9976,0.347456,0,99.9978,3.83235,3.91112
65,0.000144944,99,99.9976,0.338627,0,99.9985,3.80173,3.91112
66,0.0001,1,100,0.0001,1,100,3.84251,3.91112
67,0.000141973,99,0.0200414,0.147609,1,0.0212794,3.85788,3.91112
68,0.000132627,99,0.0198169,0.0606848,1,0.0202736,3.71591,3.91112
69,0.000139349,1,99.9997,0.145927,1,99.9988,3.81603,3.91112
70,0.0001467,99,0.0192787,0.392116,0,99.9979,3.85482,3.91112
71,0.108593,99,99.9975,0.412476,0,99.9986,3.8059,3.91112
72,0.000147348,1,99.9989,0.239381,1,99.9984,3.82761,3.91112
73,0.5,99,0.0198167,0.5,0,0.0200492,3.81228,3.91112
74,0.499991,1,0.0224594,0.43266,1,0.0214775,3.84927,3.91112
75,0.499989,99,0.0172498,0.350298,1,0.0207352,3.80794,3.91112
76,0.270142,2,98.9938,0.159865,0,66.2845,3.83586,3.91112
77,0.499988,99,0.0182431,0.350937,1,0.0199196,3.83566,3.91112
78,0.499998,99,0.0258709,0.423607,1,0.0264258,3.79761,3.91112
79,0.161905,1,0.0187115,0.161784,1,99.9975,3.66914,3.91112
80,0.25287,1,0.021534,0.355375,1,0.0248915,3.91272,3.91272
81,0.14494,1,0.0197847,0.357028,0,0.019574,3.81762,3.91272
82,0.345026,1,0.0190426,0.345224,1,0.0195871,3.83256,3.91272
83,0.0001,1,0.0189562,0.331036,0,99.9982,3.76923,3.91272
84,0.29645,1,0.0218895,0.407017,0,0.0212106,3.75942,3.91272
85,0.283366,1,99.9942,0.35133,1,99.9947,3.82233,3.91272
86,0.262183,1,0.0138216,0.401184,1,0.0987778,3.79609,3.91272
87,0.236015,1,99.9986,0.306639,0,99.9968,3.81066,3.91272
88,0.499998,99,99.9986,0.190817,0,99.9976,3.86616,3.91272
89,0.499989,99,99.9991,0.218302,0,99.9987,3.8323,3.91272
90,0.499999,99,99.9983,0.078319,1,99.9971,3.81468,3.91272
91,0.499999,99,99.9988,0.149628,0,99.9974,3.84587,3.91272
92,0.246693,99,99.9994,0.0952267,1,0.0220701,3.82783,3.91272
93,0.499993,99,52.0336,0.289412,0,99.9981,3.8556,3.91272
94,0.5,1,43.0348,0.333222,0,99.9975,3.7997,3.91272
95,0.000175749,99,52.5545,0.330657,1,0.0272611,3.77814,3.91272
96,0.499992,1,61.1697,0.245201,0,99.9969,3.77442,3.91272
97,0.000135514,99,65.8115,0.5,0,99.9988,3.81892,3.91272
98,0.337153,27,36.8844,0.0769248,0,32.558,3.84347,3.91272
99,0.000139717,99,66.0802,0.5,0,99.9988,3.81636,3.91272
100,0.000156566,99,57.2951,0.304294,0,99.9979,3.80889,3.91272
101,0.499997,99,54.6783,0.151192,1,0.0253168,3.89657,3.91272
102,0.499993,99,52.5741,0.177354,1,0.0223253,3.8264,3.91272
103,0.5,99,100,0.0001,1,0.01,3.80778,3.91272
104,0.446436,99,51.9197,0.114068,1,0.0202671,3.78103,3.91272
105,0.425351,84,43.6045,0.271981,1,19.1504,3.82985,3.91272
106,0.243133,1,21.4943,0.339929,1,11.1414,3.81276,3.91272
107,0.322112,9,47.4611,0.298781,1,91.7218,3.90491,3.91272
108,0.30973,17,53.0876,0.283364,1,99.9978,3.82393,3.91272
109,0.357328,1,35.2931,0.31895,1,65.3799,3.75643,3.91272
110,0.250475,80,54.4672,0.314759,1,61.0943,3.74351,3.91272
111,0.452266,29,95.0721,0.240764,0,99.9975,3.83367,3.91272
112,0.355822,1,47.15,0.215366,1,18.9686,3.85188,3.91272
113,0.36733,1,58.3012,0.229647,0,0.019347,3.86089,3.91272
114,0.250426,1,0.0195467,0.340883,0,0.0202422,3.8761,3.91272
115,0.25236,1,0.0202261,0.38066,0,0.0203051,3.79648,3.91272
116,0.252601,1,0.0196867,0.314308,1,0.0219334,3.79272,3.91272
117,0.255722,1,99.5422,0.191158,0,99.9978,3.83906,3.91272
118,0.252505,58,99.9259,0.274684,0,92.9672,3.825,3.91272
119,0.260381,1,86.2038,0.222015,0,99.9982,3.84626,3.91272
120,0.311494,63,23.2673,0.461023,0,59.8668,3.78058,3.91272
121,0.260439,1,87.0954,0.222211,0,98.0349,3.8604,3.91272
122,0.251736,1,86.5016,0.205155,0,91.5655,3.76586,3.91272
123,0.417936,42,47.6816,0.318581,0,0.027103,3.81115,3.91272
124,0.120817,85,78.0789,0.0851364,1,83.466,3.77006,3.91272
125,0.48037,1,89.4177,0.18845,0,6.48097,3.87703,3.91272
126,0.484264,1,78.3071,0.213011,0,11.5872,3.8942,3.91272
127,0.496827,1,62.5356,0.183447,0,11.8192,3.89146,3.91272
128,0.499997,1,67.0065,0.207908,0,7.33501,3.90315,3.91272
129,0.499998,1,84.8719,0.198233,1,8.81385,3.78255,3.91272
130,0.494011,1,38.795,0.205181,0,13.7278,3.8598,3.91272
131,0.494302,1,73.8086,0.189769,0,21.0625,3.84637,3.91272
132,0.491161,1,70.5576,0.185122,0,0.132758,3.7713,3.91272
133,0.477488,1,39.6045,0.155763,0,16.5149,3.8215,3.91272
134,0.483707,1,69.607,0.241896,0,12.4487,3.84978,3.91272
135,0.109642,1,74.7086,0.204197,0,13.0767,3.86758,3.91272
136,0.127511,1,50.0799,0.226917,0,21.8413,3.84753,3.91272
137,0.5,99,99.1124,0.211179,0,12.6969,3.89246,3.91272
138,0.313726,99,96.1548,0.196616,0,13.2656,3.87024,3.91272
139,0.499993,99,99.9974,0.228838,0,16.9998,3.82211,3.91272
140,0.456555,1,5.24858,0.222736,0,28.4238,3.80797,3.91272
141,0.2824,1,100,0.166386,0,13.5232,3.85119,3.91272
142,0.463227,49,35.3957,0.390156,0,27.1072,3.86659,3.91272
143,0.410065,1,100,0.168114,0,13.5806,3.79876,3.91272
144,0.268606,1,76.2806,0.145242,0,40.0173,3.86689,3.91272
145,0.499993,1,80.2204,0.119556,0,45.0188,3.83375,3.91272
146,0.000147765,87,66.5888,0.174984,1,31.9642,3.88574,3.91272
147,0.000154087,63,85.81,0.193842,0,37.179,3.83536,3.91272
148,0.000147809,74,50.2888,0.150947,0,29.3563,3.81135,3.91272
149,0.499993,1,49.5881,0.184884,0,45.4425,3.86396,3.91272
150,0.499985,1,63.4273,0.183777,1,35.3379,3.87225,3.91272
151,0.499989,1,74.6854,0.225827,1,34.493,3.86151,3.91272
152,0.499992,1,99.9994,0.188017,0,42.765,3.83607,3.91272
153,0.333843,1,35.1941,0.334679,0,34.5127,3.88545,3.91272
154,0.21801,1,63.284,0.305652,0,34.8448,3.79831,3.91272
155,0.000154627,1,37.3753,0.19023,1,39.0081,3.84463,3.91272
156,0.499993,99,66.7566,0.215527,0,40.403,3.84892,3.91272
157,0.499994,1,99.9971,0.23861,0,45.556,3.85817,3.91272
158,0.499984,1,62.3434,0.244848,0,45.826,3.84156,3.91272
159,0.000147214,99,99.998,0.216066,0,45.0713,3.83964,3.91272
160,0.499935,99,0.0716146,0.372603,0,49.694,3.79465,3.91272
161,0.5,1,100,0.5,0,0.01,3.82108,3.91272
162,0.5,1,99.9979,0.400907,0,0.0213811,3.83504,3.91272
163,0.00014135,99,99.9991,0.445716,0,0.0184894,3.82109,3.91272
164,0.355204,86,8.86409,0.370516,1,38.2081,3.83759,3.91272
165,0.000141826,99,99.9991,0.445583,0,0.01868,3.78206,3.91272
166,0.000167981,99,99.9984,0.152279,0,0.01,3.76745,3.91272
167,0.299551,1,0.1943,0.166729,1,0.100929,3.86746,3.91272
168,0.206998,1,0.142078,0.177454,1,0.0509123,3.78374,3.91272
169,0.000155404,99,99.9985,0.251302,0,52.5027,3.79732,3.91272
170,0.499998,1,71.9223,0.383358,1,0.01,3.90166,3.91272
171,0.499993,1,99.9988,0.380335,1,0.0208257,3.83362,3.91272
172,0.499984,1,54.8447,0.384251,1,0.0195288,3.84556,3.91272
173,0.499996,1,53.753,0.387269,1,37.5151,3.9282,3.9282
174,0.499992,1,52.3558,0.390178,1,41.989,3.84069,3.9282
175,0.000148729,1,72.4144,0.379943,1,31.6536,3.84047,3.9282
176,0.5,99,71.3015,0.410519,1,0.01,3.7916,3.9282
177,0.499983,1,24.0239,0.395159,1,59.8455,3.85319,3.9282
178,0.000132068,1,100,0.5,1,45.0132,3.84248,3.9282
179,0.499862,1,61.3827,0.5,1,48.8709,3.9063,3.9282
180,0.499387,1,60.3829,0.5,1,48.3489,3.85844,3.9282
181,0.499623,1,100,0.5,1,0.01,3.86862,3.9282
182,0.00013459,1,72.6755,0.499997,1,0.01,3.78649,3.9282
183,0.49999,1,100,0.469697,1,51.0448,3.76623,3.9282
184,0.000165123,1,74.0757,0.367319,0,27.5481,3.81177,3.9282
185,0.000159611,1,29.624,0.38398,1,57.458,3.79749,3.9282
186,0.12304,8,46.402,0.200883,1,24.1918,3.86349,3.9282
187,0.0001594,1,29.5916,0.383989,1,57.4007,3.88146,3.9282
188,0.00100358,1,35.9562,0.37492,1,56.4123,3.80736,3.9282
189,0.499411,1,0.01,0.392499,1,75.9699,3.84421,3.9282
190,0.000199245,1,43.0019,0.41277,1,55.6934,3.88819,3.9282
191,0.499977,1,41.6559,0.405081,0,65.2736,3.8138,3.9282
192,0.000137267,1,0.01,0.27396,1,100,3.86241,3.9282
193,0.000192288,1,20.5591,0.25613,1,67.7906,3.81139,3.9282
194,0.499862,1,94.6552,0.351293,1,0.01,3.85232,3.9282
195,0.000175685,99,0.0264271,0.402462,1,58.3633,3.82193,3.9282
196,0.499987,99,48.3042,0.193505,0,38.6047,3.81378,3.9282
197,0.000272469,99,60.1408,0.5,1,100,3.87213,3.9282
198,0.000202915,99,100,0.374705,1,5.41637,3.78358,3.9282
199,0.499997,99,51.5679,0.5,1,55.4123,3.79629,3.9282
200,0.499989,99,0.0249347,0.0899848,0,99.9956,3.7812,3.9282
201,0.49997,99,54.9919,0.376283,1,42.8808,3.82483,3.9282
202,0.499991,99,55.1553,0.470396,1,99.9966,3.78013,3.9282
203,0.5,99,99.9913,0.148708,1,42.4037,3.85699,3.9282
204,0.499995,99,99.9949,0.0584534,1,0.01,3.85236,3.9282
205,0.5,99,100,0.0001,1,100,3.79686,3.9282
206,0.499974,99,99.994,0.213102,1,0.01,3.8271,3.9282
207,0.499993,99,99.9973,0.111428,1,45.9391,3.86254,3.9282
208,0.369872,30,54.5313,0.473001,1,16.0385,3.86024,3.9282

Best eval with params:
eval (mc_estimate_expected_utility) = 3.9282
smbts_search_temp_decay_visits_scale = 37.5151
smbts_epsilon = 0.387269
smbts_search_temp = 53.753
smbts_use_search_temp_decay = 1
sm_split_visit_thresh = 1
sm_l_inf_thresh = 0.499996
