env_id,alg_id,search_runtime,max_trial_length,rollouts_per_mc_eval,num_repeats,num_threads
fruit-tree-stoch-depth-7,smdents,20,50,1024,5,16

hp_opt_iter,sm_l_inf_thresh,sm_split_visit_thresh,smbts_search_temp,smbts_epsilon,smbts_use_search_temp_decay,smbts_search_temp_decay_visits_scale,smdents_entropy_temp_init,smdents_entropy_temp_visits_scale,eval(mc_estimate_expected_utility),best_eval_so_far
MIN,0.0001,1,0.01,0.0001,0,0.01,0.001,0.01,MIN
MAX,0.5,100,100,0.5,1,100,100,100,MAX
0,0.236723,43,48.9633,0.282898,0,25.2637,85.1245,48.6671,3.81837,3.81837
1,0.467579,55,99.3988,0.145396,1,34.9207,63.4943,78.1514,3.82016,3.82016
2,0.339151,72,54.1966,0.0186727,0,89.9887,33.7167,63.7301,3.81398,3.82016
3,0.407698,84,79.7177,0.249596,1,14.3525,56.7473,58.0869,3.85479,3.85479
4,0.0983202,34,22.2359,0.314766,1,7.36658,44.953,5.76388,3.82245,3.85479
5,0.163618,62,30.1609,0.429602,0,65.8237,74.2513,12.3659,3.83606,3.85479
6,0.28057,9,1.36793,0.0636379,0,49.5614,16.3091,33.1819,3.83908,3.85479
7,0.11226,29,68.5925,0.492833,0,95.7308,94.7563,91.5641,3.7966,3.85479
8,0.0267592,98,16.9144,0.398974,1,52.9156,24.0218,27.7182,3.79705,3.85479
9,0.372098,18,86.283,0.171197,1,78.6134,0.638308,86.8525,3.84137,3.85479
10,0.462896,99,65.8088,0.311204,1,0.0275916,67.0749,37.1729,3.83514,3.85479
11,0.000151479,99,0.0195239,0.000147507,1,0.0200645,89.9758,0.0202798,3.46218,3.85479
12,0.499991,36,99.9987,0.499996,1,0.0181272,16.8711,99.9975,3.85353,3.85479
13,0.000154548,39,0.0210278,0.0427252,0,0.0184156,10.6032,0.0195717,3.71617,3.85479
14,0.499989,74,99.9982,0.499989,0,99.9975,52.7241,0.0200924,3.81509,3.85479
15,0.499965,6,99.9975,0.499987,1,99.9961,27.5488,99.9972,3.85521,3.85521
16,0.499988,1,99.9983,0.499999,0,100,15.6552,99.9962,3.83604,3.85521
17,0.499991,8,99.9984,0.499986,0,44.2207,37.3417,99.9982,3.84321,3.85521
18,0.499999,19,99.9991,0.000125285,1,99.9951,29.2697,99.9937,3.86153,3.86153
19,0.49997,1,99.9952,0.00013529,1,99.9938,30.0584,99.9993,3.85793,3.86153
20,0.375129,1,0.0194658,0.379179,1,58.7782,0.0108077,88.3636,3.84847,3.86153
21,0.499998,1,0.0196411,0.233788,1,99.9959,0.00889433,100,3.82381,3.86153
22,0.327856,1,99.9991,0.457348,1,0.0191522,0.0111865,32.7027,3.87224,3.87224
23,0.300869,1,99.9985,0.499983,1,66.2571,0.00980343,99.9998,3.88338,3.88338
24,0.308658,99,99.9959,0.499999,1,99.9971,0.0108178,99.999,3.8033,3.88338
25,0.316813,1,0.023957,0.499984,0,0.021007,0.0118953,0.0181794,3.84159,3.88338
26,0.357015,1,0.0214289,0.499996,1,0.0198588,71.7118,99.9991,3.8635,3.88338
27,0.348959,1,0.0157455,0.499983,1,99.999,60.3915,0.0216847,3.84917,3.88338
28,0.348626,1,99.9981,0.37334,0,0.0182511,10.8572,99.9969,3.89737,3.89737
29,0.348248,1,99.9963,0.347187,0,0.0186015,0.00902638,99.9977,3.87646,3.89737
30,0.403332,1,99.9982,0.330585,0,0.0181736,99.9974,0.0193989,3.9102,3.9102
31,0.432831,1,99.9982,0.291347,0,0.0179317,99.9984,0.0198412,3.8901,3.9102
32,0.458096,73,82.4868,0.00397902,0,95.0493,95.724,46.9828,3.828,3.9102
33,0.430197,1,99.9988,0.29507,0,0.0185669,99.9987,0.0183465,3.86661,3.9102
34,0.427385,1,99.9974,0.282579,0,0.0199498,0.0110265,0.0190231,3.88657,3.9102
35,0.338456,1,99.9552,0.5,0,0.113084,99.916,0.0547422,3.87149,3.9102
36,0.499998,1,0.0162529,0.259866,0,0.0191517,99.9974,0.0192437,3.79443,3.9102
37,0.361365,1,99.998,0.340086,1,0.0193961,0.0110123,0.0202551,3.88761,3.9102
38,0.362614,1,99.9979,0.342627,1,0.0198677,0.0115518,0.0208173,3.86143,3.9102
39,0.338839,1,99.9978,0.350542,0,99.9976,0.0112293,0.0201267,3.83868,3.9102
40,0.362484,1,99.9998,0.363795,1,0.0184925,99.9992,99.9976,3.8511,3.9102
41,0.361473,38,99.9981,0.454627,0,0.0198121,0.0109814,0.0204003,3.83312,3.9102
42,0.370129,1,99.9981,0.330013,1,99.9972,99.9967,0.0225811,3.85636,3.9102
43,0.3469,1,99.9987,0.389818,0,0.0220636,99.9987,99.9977,3.8943,3.9102
44,0.326996,1,99.9984,0.499978,0,0.0152934,99.9977,99.9948,3.87591,3.9102
45,0.240397,1,99.9983,0.499989,1,0.0184191,0.0104389,99.9976,3.86519,3.9102
46,0.359019,1,99.998,0.303561,1,0.0181579,100,99.9974,3.88732,3.9102
47,0.376407,1,99.9943,0.5,1,0.0186659,99.9995,99.9984,3.8597,3.9102
48,0.300743,1,99.9979,0.327988,1,0.0191295,99.9993,99.9979,3.85267,3.9102
49,0.351831,1,0.0198264,0.347929,0,0.0177557,99.9991,99.9976,3.84267,3.9102
50,0.392174,1,99.9938,0.190986,0,0.023698,99.9998,99.9945,3.85467,3.9102
51,0.380912,36,99.9994,0.403884,0,0.0198664,99.9994,99.9985,3.8488,3.9102
52,0.220092,1,0.0186036,0.5,1,0.0169146,0.00882597,99.9971,3.81499,3.9102
53,0.420956,1,100,0.499998,1,0.0193926,99.9979,0.0163862,3.89097,3.9102
54,0.174605,83,42.9863,0.0703566,1,62.2587,86.4564,90.1382,3.80221,3.9102
55,0.424202,1,99.9998,0.49999,1,0.0145769,99.9976,0.018945,3.85544,3.9102
56,0.425521,1,100,0.315717,1,0.0300527,0.015841,99.9929,3.83276,3.9102
57,0.306285,1,99.999,0.358375,0,99.9995,0.010337,99.9977,3.87168,3.9102
58,0.29082,1,99.9999,0.278469,0,0.0192961,0.010547,0.0195867,3.89683,3.9102
59,0.272754,1,99.9959,0.296809,1,99.9939,0.013191,0.0217507,3.84857,3.9102
60,0.278667,1,99.8506,0.359378,0,0.0507229,99.9945,0.0804357,3.8408,3.9102
61,0.350841,1,0.0271173,0.499977,0,99.9972,99.9988,99.9988,3.86496,3.9102
62,0.33618,1,0.0103538,0.237469,0,0.0196595,0.0121358,99.9862,3.79503,3.9102
63,0.348668,1,99.9997,0.499997,0,99.9996,99.9976,0.0182666,3.86511,3.9102
64,0.380203,1,99.9992,0.374831,0,99.9999,99.999,100,3.87824,3.9102
65,0.380952,1,99.9919,0.0001,1,99.9998,99.991,0.0253804,3.86459,3.9102
66,0.395929,1,99.9953,0.231873,1,99.9991,99.9997,0.0178652,3.84776,3.9102
67,0.320993,1,99.9974,0.499953,1,99.9982,99.9976,99.9969,3.82772,3.9102
68,0.350127,99,0.023295,0.499997,1,0.0273191,100,0.033665,3.77515,3.9102
69,0.41972,1,99.9989,0.00015496,0,99.9975,0.0127213,0.0188634,3.84555,3.9102
70,0.389226,1,99.9943,0.5,0,99.9977,0.0147874,0.0182792,3.86251,3.9102
71,0.312605,1,99.9958,0.214225,0,0.233878,99.9221,0.196458,3.87214,3.9102
72,0.5,1,100,0.209446,0,99.9925,99.9924,0.0100054,3.90184,3.9102
73,0.5,1,99.9435,0.0001,0,0.100828,99.9942,0.151219,3.89153,3.9102
74,0.499986,1,99.9995,0.149748,0,99.9983,100,0.0232459,3.84952,3.9102
75,0.389562,1,100,0.197629,0,99.9994,99.9956,0.0202341,3.86435,3.9102
76,0.150341,94,47.0067,0.0120283,1,79.9574,31.4094,64.4411,3.82441,3.9102
77,0.33264,1,100,0.000141819,0,0.0182667,0.00943678,99.9958,3.88025,3.9102
78,0.405463,1,99.8918,0.0001,0,0.0220991,99.9173,0.140583,3.85429,3.9102
79,0.257196,1,100,0.000165028,0,99.9991,0.0105056,99.9997,3.78714,3.9102
80,0.499957,1,100,0.136996,0,0.0268418,0.00354054,0.0230735,3.84848,3.9102
81,0.404073,1,99.9622,0.206086,0,0.162161,99.9106,0.0964761,3.8873,3.9102
82,0.419538,1,99.9991,0.293397,0,99.9995,99.9999,0.0208851,3.83339,3.9102
83,0.118298,99,81.9464,0.000152404,1,0.0209071,0.0116923,0.0211888,3.78484,3.9102
84,0.424447,1,91.9999,0.499993,0,0.0178847,99.9976,0.0194118,3.85324,3.9102
85,0.245615,1,90.8487,0.499991,0,0.0211441,85.9523,0.0194827,3.87547,3.9102
86,0.0989236,1,90.9776,0.499998,0,0.0214238,100,100,3.85658,3.9102
87,0.321427,1,91.48,0.5,1,0.0198055,99.9983,0.0159689,3.88606,3.9102
88,0.264423,1,84.2488,0.49999,1,0.0197694,99.9989,0.0204976,3.8583,3.9102
89,0.330826,1,92.645,0.499983,1,0.0193525,0.0122719,0.018908,3.85175,3.9102
90,0.000330083,1,97.3958,0.5,1,0.0239272,0.0206862,0.0153466,3.84501,3.9102
91,0.345413,1,92.6996,0.000153048,0,0.0210254,0.0114042,0.0210212,3.80387,3.9102
92,0.000138415,1,84.6051,0.499976,1,0.0195908,99.9992,17.6499,3.84803,3.9102
93,0.499984,1,26.3735,0.499985,1,100,0.00974056,30.715,3.85925,3.9102
94,0.499989,1,45.4077,0.49999,1,0.019682,0.0118887,0.0208609,3.80302,3.9102
95,0.49999,1,85.4535,0.270464,0,0.0183466,99.9993,0.752057,3.85282,3.9102
96,0.000164903,1,100,0.179263,1,0.0128323,99.9973,0.0274692,3.85314,3.9102
97,0.000132677,36,99.9999,0.5,1,0.0186276,99.994,0.0230957,3.83581,3.9102
98,0.440227,29,75.1451,0.353425,1,16.2766,27.269,58.6259,3.85156,3.9102
99,0.000133226,36,99.9994,0.5,1,0.0187871,99.9941,0.0231215,3.82697,3.9102
100,0.00016072,1,72.4297,0.000156677,1,0.0215209,99.9992,99.998,3.81353,3.9102
101,0.0001,1,100,0.5,0,0.01,0.001,100,3.828,3.9102
102,0.499994,38,82.7167,0.499985,0,0.0194629,99.9982,0.0222462,3.85571,3.9102
103,0.233085,26,90.4078,0.255647,0,0.0168659,99.999,0.0214334,3.79862,3.9102
104,0.499995,1,34.5851,0.000142608,1,99.9979,0.0111616,99.9985,3.74952,3.9102
105,0.499991,99,48.3268,0.499999,0,99.9977,0.0122948,0.0209135,3.79763,3.9102
106,0.000181114,99,62.4386,0.499998,1,0.0240732,0.0174017,99.9985,3.78245,3.9102
107,0.5,1,84.2103,0.499986,0,0.0193507,0.0122378,99.999,3.85299,3.9102
108,0.499991,1,84.0363,0.316062,1,99.9971,99.9996,99.9969,3.87056,3.9102
109,0.499991,1,77.8066,0.499992,1,99.9993,99.9987,99.9988,3.8891,3.9102
110,0.499995,1,79.6069,0.499997,1,99.9981,0.0116891,0.0207757,3.88613,3.9102
111,0.499991,1,81.5929,0.499999,1,99.999,0.0102756,0.0188131,3.86821,3.9102
112,0.499999,1,82.3539,0.499998,1,0.0183462,99.9975,99.9973,3.8903,3.9102
113,0.499987,1,17.8817,0.499996,0,99.9967,99.9971,99.9969,3.86022,3.9102
114,0.000173333,1,21.0719,0.49999,0,99.9996,99.9974,99.9964,3.84538,3.9102
115,0.000135586,1,17.1224,0.499993,1,99.9989,99.9961,0.0213499,3.82156,3.9102
116,0.5,1,71.9972,0.499958,1,99.9974,0.0134783,99.9973,3.8762,3.9102
117,0.5,1,83.7773,0.49998,1,99.9995,0.00934661,99.9984,3.88587,3.9102
118,0.499986,1,84.8408,0.360887,1,0.0263811,0.0153076,99.9969,3.80883,3.9102
119,0.000100118,1,47.0234,0.499992,1,100,0.00994184,99.9984,3.82228,3.9102
120,0.385582,15,78.7436,0.346947,0,4.32495,49.1401,74.8391,3.85097,3.9102
121,0.0001,1,47.1308,0.499997,1,99.9998,0.0110321,99.9984,3.86468,3.9102
122,0.499991,1,65.8631,0.499994,1,99.9994,99.9975,99.9977,3.87924,3.9102
123,0.499996,1,77.0421,0.49999,0,99.9969,99.9999,99.9999,3.83404,3.9102
124,0.5,1,69.6919,0.499988,1,99.9967,99.9977,0.0189907,3.8505,3.9102
125,0.49998,31,34.698,0.499997,1,99.9961,99.9958,99.9954,3.82595,3.9102
126,0.000129294,1,62.0229,0.499996,0,99.9999,0.00916658,0.0177536,3.83069,3.9102
127,0.499991,28,82.79,0.499991,1,99.999,99.9978,0.0222286,3.85833,3.9102
128,0.499989,1,75.4938,0.253074,1,99.9981,99.9962,0.0240422,3.85982,3.9102
129,0.000201097,1,75.5918,0.5,1,99.9975,100,99.997,3.8406,3.9102
130,0.5,1,50.8653,0.499981,0,99.9962,0.0139297,99.9995,3.85729,3.9102
131,0.000157873,1,44.5127,0.49999,1,99.9979,99.9988,0.0231713,3.8182,3.9102
132,0.5,1,86.1319,0.257964,0,99.9987,99.9971,99.992,3.87026,3.9102
133,0.499997,1,62.9396,0.280332,0,99.9989,99.9991,99.9978,3.90042,3.9102
134,0.5,1,63.0425,0.281278,0,99.998,99.9937,100,3.89435,3.9102
135,0.499995,1,52.5539,0.356084,0,99.9991,99.9997,99.998,3.92017,3.92017
136,0.499995,1,47.0178,0.343681,0,99.9993,99.9988,99.9984,3.80228,3.92017
137,0.499989,1,68.4362,0.297791,0,99.9976,0.010201,0.01967,3.83132,3.92017
138,0.00114808,1,65.194,0.266197,1,100,0.144517,100,3.83734,3.92017
139,0.499986,41,62.9132,0.499974,1,99.9976,0.0230352,99.9963,3.8035,3.92017
140,0.5,1,66.5298,0.301543,1,0.0694645,99.996,99.9892,3.88263,3.92017
141,0.499991,1,79.0316,0.0857204,1,0.0191662,99.997,99.9958,3.8678,3.92017
142,0.364012,31,17.5777,0.363979,1,33.9428,86.9517,59.0274,3.86785,3.92017
143,0.499996,1,78.8873,0.0890969,1,0.0192052,99.9949,99.9954,3.87855,3.92017
144,0.5,1,61.3856,0.5,1,0.0189363,99.9955,99.9966,3.87565,3.92017
145,0.499984,1,64.8564,0.2618,1,0.0169477,99.998,99.9998,3.92418,3.92418
146,0.5,1,63.5833,0.216977,1,0.198088,100,100,3.90695,3.92418
147,0.499993,1,58.14,0.285066,1,0.0214924,99.9998,99.9979,3.84113,3.92418
148,0.499994,1,67.7244,0.0407275,0,0.0184199,99.9977,0.0211387,3.85647,3.92418
149,0.499992,1,73.2755,0.0001,1,99.9976,99.9977,0.0208389,3.84076,3.92418
150,0.499996,1,75.0843,0.236292,0,0.0213448,99.9999,99.9968,3.86683,3.92418
151,0.499442,1,99.4875,0.153383,1,0.0315578,99.9514,99.8953,3.83331,3.92418
152,0.499998,34,68.6031,0.145969,1,0.0208618,100,99.9982,3.81914,3.92418
153,0.431904,1,36.5377,0.5,0,0.0300323,99.9937,99.9941,3.87006,3.92418
154,0.273466,1,61.8574,0.36668,0,0.0643236,100,99.9862,3.86421,3.92418
155,0.499995,1,57.4469,0.306169,1,99.9991,99.9966,0.0229298,3.89137,3.92418
156,0.327741,1,65.5172,0.304857,1,99.9922,99.9926,99.9782,3.89654,3.92418
157,0.294337,1,46.27,0.323843,1,99.9966,99.998,99.9896,3.85427,3.92418
158,0.499999,1,62.5209,0.499961,0,0.0321916,99.9951,0.0276336,3.84924,3.92418
159,0.5,1,50.5026,0.255361,0,0.0911851,100,0.105065,3.91782,3.92418
160,0.5,1,51.0332,0.255382,0,0.0290515,100,0.0297056,3.83938,3.92418
161,0.328026,1,68.2158,0.297458,1,0.0292503,99.9939,0.0329029,3.83894,3.92418
162,0.499937,1,61.0708,0.25041,0,0.0294792,0.0300865,99.99,3.83428,3.92418
163,0.499948,1,37.4674,0.262119,1,0.116015,99.9803,99.7834,3.89195,3.92418
164,0.337867,52,26.2696,0.0340201,1,55.8336,40.8556,72.976,3.8559,3.92418
165,0.499982,29,46.4273,0.241346,1,99.9933,99.9945,0.0299978,3.86563,3.92418
166,0.499549,1,39.6807,0.261964,1,0.029601,99.9491,99.6312,3.84427,3.92418
167,0.27109,1,51.9055,0.499989,1,99.9976,0.0163108,99.9973,3.89678,3.92418
168,0.271507,1,51.9822,0.499987,1,99.9977,0.0156384,99.999,3.85385,3.92418
169,0.315984,1,44.8868,0.499996,0,99.9943,100,0.027586,3.84598,3.92418
170,0.228353,1,58.1346,0.5,1,0.0271656,0.0202308,99.9989,3.82976,3.92418
171,0.27538,1,48.5754,0.499907,1,99.9958,0.054558,0.071204,3.856,3.92418
172,0.255215,1,36.0109,0.499915,0,99.9914,0.0517191,99.9771,3.83396,3.92418
173,0.311564,1,54.2251,0.139812,1,99.9985,99.9658,99.9836,3.86815,3.92418
174,0.23563,1,52.1703,0.20939,1,99.9992,0.199313,0.212266,3.85297,3.92418
175,0.499964,57,0.060231,0.499956,0,99.9997,99.9857,99.9825,3.80462,3.92418
176,0.155323,35,99.998,0.499957,1,99.9951,0.0230885,99.9942,3.86047,3.92418
177,0.344996,1,49.3095,0.499669,1,100,99.9376,100,3.89259,3.92418
178,0.344999,1,49.3123,0.499689,1,99.8945,100,100,3.84162,3.92418
179,0.0001,1,100,0.0001,1,100,0.001,100,3.85819,3.92418
180,0.0001,49,100,0.169941,1,100,0.001,99.9969,3.80527,3.92418
181,0.5,1,100,0.5,1,0.01,100,100,3.84513,3.92418
182,0.212679,1,100,0.0001,1,100,100,100,3.8575,3.92418
183,0.279067,53,100,0.0001,1,100,100,100,3.8687,3.92418
184,0.281121,43,100,0.311696,1,100,100,100,3.84071,3.92418
185,0.308169,40,50.1282,0.5,1,100,100,100,3.81836,3.92418
186,0.15612,62,36.9406,0.309245,0,75.2518,17.227,81.1431,3.77409,3.92418
187,0.5,99,0.01,0.0001,0,100,100,100,3.44743,3.92418
188,0.000166512,27,55.0902,0.000159196,0,99.9996,99.9982,0.02776,3.8334,3.92418
189,0.000191939,14,53.6615,0.264507,1,0.0272002,99.9994,99.9965,3.87788,3.92418
190,0.499993,15,62.0404,0.1915,0,99.9998,99.9993,99.9967,3.87925,3.92418
191,0.49998,12,62.6076,0.299379,1,99.9954,99.9986,99.9943,3.84447,3.92418
192,0.499993,22,51.3748,0.000211914,0,0.0286112,99.9985,99.9956,3.82751,3.92418
193,0.000158995,1,60.3847,0.216864,0,99.9984,99.9998,0.0289735,3.85366,3.92418
194,0.5,26,14.9876,0.49999,0,99.9974,0.0209236,0.0339788,3.75606,3.92418
195,0.0001523,1,29.6648,0.241801,1,0.0159026,99.9966,0.0157158,3.79128,3.92418
196,0.499981,34,84.1736,0.000170538,1,99.9998,99.9987,0.0198682,3.82646,3.92418
197,0.498977,1,64.9748,0.386036,1,0.0996004,99.8223,99.7997,3.86272,3.92418
198,0.5,19,51.5432,0.252427,0,100,0.362724,100,3.83157,3.92418
199,0.000222115,99,88.8113,0.499981,0,0.0215978,99.9979,0.030758,3.82634,3.92418
200,0.0001,99,100,0.0001,0,100,100,100,3.82146,3.92418
201,0.000367661,72,76.231,0.276815,0,99.9998,99.9976,99.9907,3.78759,3.92418
202,0.499977,45,52.574,0.000428374,1,0.0743085,99.9956,0.0793954,3.83329,3.92418
203,0.000418289,33,48.1359,0.499928,1,0.0649365,99.9849,0.0770728,3.81067,3.92418
204,0.000369565,1,62.4579,0.213279,0,0.0663536,100,99.9935,3.80417,3.92418
205,0.499982,39,99.9997,0.000208045,0,0.0331371,0.0231652,0.031701,3.82597,3.92418
206,0.000508219,49,67.9746,0.000319613,1,99.9944,0.055627,0.0760487,3.82487,3.92418
207,0.49995,15,59.4616,0.234203,1,0.190718,99.9876,0.195589,3.84737,3.92418
208,0.298002,19,22.1161,0.360773,0,96.9926,3.65439,96.2243,3.82863,3.92418

Best eval with params:
eval (mc_estimate_expected_utility) = 3.92418
smdents_entropy_temp_visits_scale = 99.9998
smbts_search_temp_decay_visits_scale = 0.0169477
smbts_epsilon = 0.2618
smbts_search_temp = 64.8564
smdents_entropy_temp_init = 99.998
smbts_use_search_temp_decay = 1
sm_split_visit_thresh = 1
sm_l_inf_thresh = 0.499984
