env_id,alg_id,search_runtime,max_trial_length,rollouts_per_mc_eval,num_repeats,num_threads
breakable-bottles-v0,czt,20,50,1024,5,16

hp_opt_iter,czt_bias,czt_ball_split_visit_thresh,eval(mc_estimate_expected_utility),best_eval_so_far
MIN,0.01,1,MIN
MAX,100,100,MAX
0,60.2314,20,-3.69526,-3.69526
1,7.47784,52,1.93425,1.93425
2,14.5744,97,5.27146,5.27146
3,73.9803,74,2.58488,5.27146
4,99.2236,8,-5.71088,5.27146
5,41.7855,81,4.84412,5.27146
6,82.3987,23,-4.37015,5.27146
7,50.8925,61,2.68973,5.27146
8,39.7938,38,2.25693,5.27146
9,23.9949,46,2.41694,5.27146
10,0.01,99,3.46777,5.27146
11,73.1929,99,3.23468,5.27146
12,0.01,84,3.29594,5.27146
13,0.01,99,2.06353,5.27146
14,100,99,3.01141,5.27146
15,0.0193892,76,2.05072,5.27146
16,51.4336,99,4.83236,5.27146
17,51.2014,99,4.56216,5.27146
18,50.9342,99,4.19936,5.27146
19,100,99,3.82416,5.27146
20,99.9981,87,3.43487,5.27146
21,99.9982,87,3.17139,5.27146
22,0.01,89,3.37208,5.27146
23,99.9983,87,3.08043,5.27146
24,0.01,99,3.50438,5.27146
25,99.998,69,2.06392,5.27146
26,0.01,99,3.55327,5.27146
27,0.01,88,1.43754,5.27146
28,100,99,3.02733,5.27146
29,100,99,3.82379,5.27146
30,99.9982,91,4.0744,5.27146
31,0.0201945,65,3.16623,5.27146
32,99.9979,59,1.2983,5.27146
33,99.9984,91,2.18979,5.27146
34,0.01,99,2.48751,5.27146
35,0.01,75,1.74758,5.27146
36,0.01,99,1.9322,5.27146
37,99.9976,82,2.89818,5.27146
38,100,99,3.59702,5.27146
39,100,99,3.08507,5.27146
40,50.6884,90,4.71391,5.27146
41,50.6953,90,4.08124,5.27146
42,50.9552,99,4.92723,5.27146
43,50.7123,90,3.70343,5.27146
44,51.0095,99,4.74925,5.27146
45,51.0159,99,3.6124,5.27146
46,50.5333,88,4.84121,5.27146
47,50.5413,88,3.2523,5.27146
48,51.1011,99,4.01783,5.27146
49,51.1132,99,5.09661,5.27146
50,45.9393,99,3.98728,5.27146
51,48.0644,85,4.01056,5.27146
52,46.0969,99,4.91726,5.27146
53,46.1503,99,5.5633,5.5633
54,41.0831,99,5.52058,5.5633
55,40.8281,99,4.73777,5.5633
56,40.9065,99,5.04289,5.5633
57,60.3886,99,4.42812,5.5633
58,39.0512,99,3.99096,5.5633
59,45.8309,85,4.01476,5.5633
60,64.6177,99,4.282,5.5633
61,34.6937,99,5.068,5.5633
62,34.6189,99,5.85258,5.85258
63,0.0102149,1,0.78344,5.85258
64,31.6435,99,5.6552,5.85258
65,32.5048,99,5.92204,5.92204
66,31.7815,99,5.7045,5.92204
67,31.8606,99,4.33437,5.92204
68,34.7802,87,5.48075,5.92204
69,34.4947,87,4.22049,5.92204
70,29.5993,99,5.64996,5.92204
71,29.5975,99,4.57767,5.92204
72,29.6319,99,4.17529,5.92204
73,30.399,87,5.5006,5.92204
74,30.4041,87,4.48562,5.92204
75,29.6694,99,5.68169,5.92204
76,29.6712,99,4.76999,5.92204
77,29.6923,99,6.82601,6.82601
78,38.009,74,2.61151,6.82601
79,0.01,28,2.66497,6.82601
80,29.1738,83,4.94309,6.82601
81,29.1738,83,5.37978,6.82601
82,29.1738,83,4.38804,6.82601
83,0.01,36,2.59265,6.82601
84,29.5594,99,4.21163,6.82601
85,37.5157,62,4.30286,6.82601
86,26.4726,71,4.29376,6.82601
87,24.3273,85,5.05608,6.82601
88,27.6832,69,3.96418,6.82601
89,29.5347,99,5.49253,6.82601
90,29.5999,99,5.25527,6.82601
91,29.5627,99,5.59609,6.82601
92,0.01,1,1.83108,6.82601
93,29.5415,99,4.65704,6.82601
94,29.1738,83,5.37503,6.82601
95,29.1738,83,5.68305,6.82601
96,23.3941,88,6.13159,6.82601
97,29.6455,99,4.76353,6.82601
98,29.1738,83,4.64509,6.82601
99,16.675,83,4.49019,6.82601
100,16.675,17,-0.0258963,6.82601
101,77.8004,99,3.9747,6.82601
102,21.9216,99,4.76869,6.82601
103,16.8343,99,2.91306,6.82601
104,71.2941,84,3.16418,6.82601
105,35.6928,72,4.35729,6.82601
106,22.5827,72,4.57438,6.82601
107,27.2152,88,3.82693,6.82601
108,16.675,61,5.09795,6.82601
109,16.675,83,4.14892,6.82601
110,29.1738,61,3.32291,6.82601
111,50.005,72,3.29498,6.82601
112,23.6131,99,5.91064,6.82601
113,5.565,50,2.41023,6.82601
114,77.8004,99,4.20936,6.82601
115,71.6589,79,2.84546,6.82601
116,29.5513,99,4.15417,6.82601
117,23.417,99,5.20743,6.82601
118,23.4407,99,3.57286,6.82601
119,79.5747,99,3.83796,6.82601
120,79.5452,99,4.68763,6.82601
121,79.7561,99,3.33967,6.82601
122,29.1738,83,4.81719,6.82601
123,21.0739,73,3.69385,6.82601
124,50.005,72,3.51553,6.82601
125,59.2093,99,4.48928,6.82601
126,29.1738,83,5.07969,6.82601
127,16.675,83,5.70271,6.82601
128,21.4047,72,4.14738,6.82601
129,31.7171,90,5.44028,6.82601
130,32.2244,99,5.50055,6.82601
131,20.5641,87,3.60818,6.82601
132,75.0025,61,2.19453,6.82601
133,27.785,50,2.92212,6.82601
134,38.895,83,4.08252,6.82601
135,72.3871,85,3.27539,6.82601
136,33.0041,99,4.92132,6.82601
137,78.271,99,3.59992,6.82601
138,41.5148,99,6.61358,6.82601
139,43.6028,99,4.59072,6.82601
140,50.005,61,2.72449,6.82601
141,35.9725,89,4.92105,6.82601
142,36.9119,99,4.59679,6.82601
143,57.1946,99,4.47887,6.82601
144,23.337,99,4.99567,6.82601
145,18.8693,89,4.0497,6.82601
146,36.9252,86,4.02418,6.82601
147,1.47949,43,3.05376,6.82601
148,20.3165,99,4.26613,6.82601
149,55.9336,99,4.28406,6.82601
150,61.115,83,4.06852,6.82601
151,16.675,61,4.52457,6.82601
152,29.1738,61,3.95467,6.82601
153,8.08384,65,3.64229,6.82601
154,34.7444,99,6.16165,6.82601
155,34.1671,99,4.47698,6.82601
156,38.9235,76,4.41201,6.82601
157,31.3565,1,-5.39061,6.82601
158,78.9159,79,2.46322,6.82601
159,16.675,83,4.71106,6.82601
160,62.7859,99,4.08303,6.82601
161,24.7352,99,4.04686,6.82601
162,38.895,50,2.30753,6.82601
163,0.01,55,3.02459,6.82601
164,19.18,71,4.87086,6.82601
165,38.1657,89,4.82179,6.82601
166,21.257,74,3.65268,6.82601
167,38.895,83,4.74038,6.82601
168,79.706,99,3.49182,6.82601
169,50.005,79,3.87953,6.82601
170,98.6112,50,0.365652,6.82601
171,0.01,37,2.54342,6.82601
172,0.01,65,2.42179,6.82601
173,54.7601,99,4.89817,6.82601
174,40.528,99,3.51137,6.82601
175,61.115,50,1.82893,6.82601
176,41.2906,99,5.45087,6.82601
177,45.5026,99,4.65893,6.82601
178,23.7189,99,5.1752,6.82601
179,16.675,83,5.11244,6.82601
180,20.1068,39,3.30804,6.82601
181,29.9445,63,4.48111,6.82601
182,32.9316,71,3.60624,6.82601
183,16.675,83,6.26321,6.82601
184,23.5035,99,4.51676,6.82601
185,16.675,83,5.21286,6.82601
186,29.1738,83,4.01552,6.82601
187,79.647,99,3.50662,6.82601
188,16.675,95,4.99087,6.82601
189,16.675,83,4.81677,6.82601
190,16.675,61,4.6967,6.82601
191,23.2992,90,4.09793,6.82601
192,29.1738,61,3.95367,6.82601
193,83.335,83,3.57851,6.82601
194,61.115,83,3.85936,6.82601
195,0.01,25,2.4886,6.82601
196,20.3783,50,4.88894,6.82601
197,5.565,50,2.04766,6.82601
198,50.005,72,2.57692,6.82601
199,54.8404,99,3.93006,6.82601

Best eval with params:
eval (mc_estimate_expected_utility) = 6.82601
czt_ball_split_visit_thresh = 99
czt_bias = 29.6923
