env_id,alg_id,search_runtime,max_trial_length,rollouts_per_mc_eval,num_repeats,num_threads
breakable-bottles-v0,chmcts,20,50,1024,5,16

hp_opt_iter,czt_bias,czt_ball_split_visit_thresh,eval(mc_estimate_expected_utility),best_eval_so_far
MIN,0.01,1,MIN
MAX,100,100,MAX
0,60.2314,20,6.26182,6.26182
1,7.47784,52,4.86918,6.26182
2,14.5744,97,5.97427,6.26182
3,73.9803,74,5.83856,6.26182
4,99.2236,8,5.19983,6.26182
5,41.7855,81,5.16249,6.26182
6,82.3987,23,6.463,6.463
7,50.8925,61,6.95837,6.95837
8,39.7938,38,6.82428,6.95837
9,23.9949,46,5.7898,6.95837
10,63.2767,62,5.08428,6.95837
11,47.4265,35,5.98007,6.95837
12,17.7089,38,5.55941,6.95837
13,61.2891,41,7.1124,7.1124
14,69.8515,41,6.14218,7.1124
15,49.2219,41,6.24649,7.1124
16,23.0293,62,5.36709,7.1124
17,90.9521,29,5.74075,7.1124
18,75.9648,46,6.11676,7.1124
19,100,20,6.65059,7.1124
20,34.8437,1,5.86993,7.1124
21,100,99,4.32998,7.1124
22,0.01,1,5.09261,7.1124
23,64.842,1,5.66019,7.1124
24,99.9981,48,5.655,7.1124
25,56.5335,24,6.38021,7.1124
26,76.4803,1,6.2644,7.1124
27,58.7985,25,5.94257,7.1124
28,0.01,99,2.97589,7.1124
29,46.504,1,6.12878,7.1124
30,100,1,6.10771,7.1124
31,62.9593,1,6.8496,7.1124
32,56.0514,1,6.58129,7.1124
33,72.4331,1,4.31095,7.1124
34,32.3297,1,5.33655,7.1124
35,58.7335,99,6.4479,7.1124
36,58.7139,99,5.77958,7.1124
37,55.9621,47,7.55702,7.55702
38,100,99,4.7925,7.55702
39,46.3539,99,5.01586,7.55702
40,48.7706,50,5.00543,7.55702
41,100,47,5.54224,7.55702
42,0.01,1,4.34483,7.55702
43,38.895,6,6.02146,7.55702
44,71.5511,99,6.43781,7.55702
45,72.225,50,5.15485,7.55702
46,71.9229,99,4.52656,7.55702
47,100,1,3.76526,7.55702
48,47.5361,1,7.4325,7.55702
49,47.3372,1,6.49555,7.55702
50,43.4106,1,6.50575,7.55702
51,40.0159,99,4.71212,7.55702
52,55.6853,1,6.66115,7.55702
53,55.5924,1,5.78056,7.55702
54,43.0336,1,6.65399,7.55702
55,42.8634,1,6.27381,7.55702
56,43.1586,1,6.28486,7.55702
57,50.005,98,6.49041,7.55702
58,42.8956,1,6.95799,7.55702
59,42.9124,1,6.46113,7.55702
60,38.9359,99,4.79213,7.55702
61,56.1308,1,6.0394,7.55702
62,23.5362,2,5.692,7.55702
63,69.9046,1,6.33255,7.55702
64,62.9079,1,5.96413,7.55702
65,84.0498,99,5.99168,7.55702
66,77.8004,99,5.7007,7.55702
67,0.01,99,2.11008,7.55702
68,82.4125,1,5.20056,7.55702
69,31.956,3,4.87016,7.55702
70,51.1083,1,6.30898,7.55702
71,87.6776,99,4.20205,7.55702
72,55.9601,99,7.02927,7.55702
73,55.9612,99,6.4601,7.55702
74,14.7915,1,6.19026,7.55702
75,61.5648,99,6.10468,7.55702
76,55.0454,58,6.40865,7.55702
77,51.0968,1,6.30705,7.55702
78,24.9718,99,6.14676,7.55702
79,15.0437,1,5.74773,7.55702
80,54.0709,99,6.01687,7.55702
81,19.1754,99,5.71178,7.55702
82,55.1414,55,5.87164,7.55702
83,88.4307,1,5.65771,7.55702
84,29.5173,99,5.84031,7.55702
85,50.7333,1,5.58905,7.55702
86,62.2409,84,6.2824,7.55702
87,18.4682,99,5.88408,7.55702
88,56.8235,60,6.22543,7.55702
89,86.1764,1,4.15228,7.55702
90,64.6796,99,5.51324,7.55702
91,53.299,99,4.97776,7.55702
92,20.0842,1,6.19294,7.55702
93,11.279,1,6.02541,7.55702
94,20.8905,1,6.21194,7.55702
95,27.785,98,6.38223,7.55702
96,59.9998,1,6.0838,7.55702
97,31.0392,99,6.05739,7.55702
98,50.6541,1,6.09249,7.55702
99,23.051,99,4.95745,7.55702
100,32.8095,47,5.94299,7.55702
101,57.2238,47,5.81149,7.55702
102,83.335,95,5.61116,7.55702
103,12.9717,50,5.59034,7.55702
104,37.5295,9,6.05852,7.55702
105,25.2524,14,6.1583,7.55702
106,9.67666,1,5.47069,7.55702
107,40.1101,5,6.66522,7.55702
108,50.005,6,6.03417,7.55702
109,41.3982,32,6.1506,7.55702
110,29.2114,45,6.80978,7.55702
111,32.019,49,5.78069,7.55702
112,26.1893,9,6.57179,7.55702
113,80.0851,50,6.08588,7.55702
114,16.675,17,5.87607,7.55702
115,61.115,50,5.65659,7.55702
116,53.7083,50,6.40061,7.55702
117,27.587,27,6.61678,7.55702
118,43.6865,31,4.56074,7.55702
119,29.1738,95,4.85905,7.55702
120,68.5128,1,5.5605,7.55702
121,68.6542,1,6.18026,7.55702
122,16.675,95,5.43719,7.55702
123,71.5511,99,5.38481,7.55702
124,88.4236,99,5.48284,7.55702
125,60.9257,99,5.64523,7.55702
126,50.005,98,4.78863,7.55702
127,29.1738,17,6.30154,7.55702
128,53.5426,3,6.17741,7.55702
129,80.6277,2,3.32497,7.55702
130,22.3905,1,6.21986,7.55702
131,26.6157,3,6.48105,7.55702
132,32.111,1,6.24736,7.55702
133,19.6373,36,4.94886,7.55702
134,62.2287,48,5.33708,7.55702
135,35.0058,1,6.41542,7.55702
136,24.4364,1,6.45945,7.55702
137,35.5379,1,5.17177,7.55702
138,60.4648,5,5.20242,7.55702
139,50.005,6,6.06469,7.55702
140,31.8371,48,6.16005,7.55702
141,52.1347,45,5.90687,7.55702
142,100,99,5.58419,7.55702
143,77.8004,99,6.58362,7.55702
144,77.8004,99,5.98631,7.55702
145,71.5511,99,6.61819,7.55702
146,71.5511,99,5.24204,7.55702
147,88.6778,99,4.65624,7.55702
148,18.9944,1,5.7737,7.55702
149,91.3185,34,5.01066,7.55702
150,47.2919,1,6.61512,7.55702
151,55.8511,1,5.83105,7.55702
152,69.6463,99,4.57665,7.55702
153,33.4064,49,5.84244,7.55702
154,98.4037,1,5.74523,7.55702
155,22.5147,1,6.78821,7.55702
156,47.7003,1,5.73793,7.55702
157,24.2268,99,6.57422,7.55702
158,30.3753,99,5.7886,7.55702
159,15.6055,99,3.12044,7.55702
160,28.31,49,6.09597,7.55702
161,63.8925,50,6.23172,7.55702
162,38.895,50,6.10712,7.55702
163,53.7083,50,4.12939,7.55702
164,78.9167,52,5.39481,7.55702
165,100,99,5.75393,7.55702
166,83.335,95,5.04896,7.55702
167,60.1787,2,6.111,7.55702
168,25.9315,1,6.65475,7.55702
169,29.3338,1,6.08744,7.55702
170,60.238,99,6.18771,7.55702
171,35.2983,99,4.4484,7.55702
172,24.2343,1,6.08785,7.55702
173,60.42,99,6.25553,7.55702
174,48.0037,99,4.83645,7.55702
175,33.6288,1,5.80294,7.55702
176,14.3288,1,5.88646,7.55702
177,39.6222,1,6.43439,7.55702
178,46.3536,1,7.20975,7.55702
179,25.8646,1,6.73793,7.55702
180,25.0659,32,5.79918,7.55702
181,10.9953,1,6.29423,7.55702
182,0.01,1,3.0675,7.55702
183,28.4497,47,5.11274,7.55702
184,16.675,17,5.72113,7.55702
185,75.0025,6,4.94945,7.55702
186,38.7856,1,5.95785,7.55702
187,62.5521,1,6.64804,7.55702
188,50.2834,1,5.93637,7.55702
189,93.7657,58,4.65123,7.55702
190,56.0161,1,5.33632,7.55702
191,39.6625,1,6.4094,7.55702
192,40.2031,1,5.56789,7.55702
193,18.9844,1,6.90316,7.55702
194,21.2694,1,6.3266,7.55702
195,21.3212,1,5.50487,7.55702
196,46.7727,1,5.55359,7.55702
197,61.115,95,5.54527,7.55702
198,99.951,99,6.36626,7.55702
199,100,97,5.38105,7.55702

Best eval with params:
eval (mc_estimate_expected_utility) = 7.55702
czt_ball_split_visit_thresh = 47
czt_bias = 55.9621
