env_id,alg_id,search_runtime,max_trial_length,rollouts_per_mc_eval,num_repeats,num_threads
resource-gathering-timed-v0,chmcts,20,50,1024,5,16

hp_opt_iter,czt_bias,czt_ball_split_visit_thresh,eval(mc_estimate_expected_utility),best_eval_so_far
MIN,0.01,1,MIN
MAX,100,100,MAX
0,55.9611,37,-0.22913,-0.22913
1,30.1717,84,-0.237433,-0.22913
2,14.9201,64,-0.2337,-0.22913
3,5.63156,12,-0.217704,-0.217704
4,81.3784,26,-0.220404,-0.217704
5,20.5298,8,-0.217255,-0.217255
6,68.9114,80,-0.228297,-0.217255
7,92.3919,47,-0.233929,-0.217255
8,46.9078,93,-0.229219,-0.217255
9,71.7188,52,-0.245591,-0.217255
10,100,1,-0.214877,-0.214877
11,100,1,-0.214433,-0.214433
12,0.01,1,-0.227651,-0.214433
13,99.9982,10,-0.226324,-0.214433
14,100,1,-0.21763,-0.214433
15,100,1,-0.212248,-0.212248
16,100,1,-0.226531,-0.212248
17,0.0217862,18,-0.226153,-0.212248
18,99.9967,14,-0.222093,-0.212248
19,0.01,1,-0.22837,-0.212248
20,99.9976,13,-0.215505,-0.212248
21,100,1,-0.219023,-0.212248
22,99.9967,15,-0.22232,-0.212248
23,100,1,-0.218205,-0.212248
24,100,1,-0.218691,-0.212248
25,0.0264706,23,-0.226788,-0.212248
26,99.9864,12,-0.218676,-0.212248
27,99.9607,19,-0.212791,-0.212248
28,100,1,-0.21727,-0.212248
29,99.9869,18,-0.215685,-0.212248
30,61.3547,10,-0.216619,-0.212248
31,60.2285,63,-0.228891,-0.212248
32,61.2934,10,-0.215796,-0.212248
33,61.4227,10,-0.219605,-0.212248
34,57.1939,1,-0.216136,-0.212248
35,61.5634,10,-0.223354,-0.212248
36,99.9967,23,-0.213442,-0.212248
37,99.998,23,-0.222038,-0.212248
38,100,99,-0.233865,-0.212248
39,100,1,-0.217001,-0.212248
40,58.6461,17,-0.222913,-0.212248
41,99.9966,9,-0.216369,-0.212248
42,99.9966,9,-0.215842,-0.212248
43,100,1,-0.221585,-0.212248
44,100,24,-0.229897,-0.212248
45,51.9773,1,-0.207132,-0.207132
46,2.11274,1,-0.22107,-0.207132
47,2.54642,34,-0.227924,-0.207132
48,0.01,1,-0.221955,-0.207132
49,50.9568,1,-0.215633,-0.207132
50,50.5965,1,-0.218672,-0.207132
51,50.72,1,-0.218083,-0.207132
52,49.8333,1,-0.225027,-0.207132
53,24.5834,3,-0.219001,-0.207132
54,51.4327,1,-0.21486,-0.207132
55,16.675,17,-0.228534,-0.207132
56,0.01,99,-0.22863,-0.207132
57,0.491401,49,-0.218781,-0.207132
58,0.01,99,-0.228368,-0.207132
59,5.565,75,-0.221581,-0.207132
60,0.01,48,-0.230701,-0.207132
61,100,78,-0.226822,-0.207132
62,53.0609,1,-0.218687,-0.207132
63,56.496,1,-0.218496,-0.207132
64,72.7987,1,-0.220643,-0.207132
65,53.7083,17,-0.216414,-0.207132
66,50.005,21,-0.226768,-0.207132
67,53.7251,1,-0.212607,-0.207132
68,55.8071,1,-0.216679,-0.207132
69,70.8236,1,-0.216182,-0.207132
70,27.6242,1,-0.213024,-0.207132
71,29.5384,1,-0.219132,-0.207132
72,62.5788,10,-0.215508,-0.207132
73,71.2107,1,-0.222371,-0.207132
74,39.3411,12,-0.22591,-0.207132
75,38.3398,64,-0.230736,-0.207132
76,45.5057,13,-0.217143,-0.207132
77,1.90986,1,-0.221063,-0.207132
78,50.005,28,-0.225383,-0.207132
79,62.9633,10,-0.217985,-0.207132
80,100,99,-0.23416,-0.207132
81,29.7045,1,-0.216085,-0.207132
82,0.892809,76,-0.22558,-0.207132
83,35.3637,9,-0.223432,-0.207132
84,0.01,39,-0.237642,-0.207132
85,100,33,-0.229846,-0.207132
86,71.5434,1,-0.219192,-0.207132
87,65.9918,12,-0.2163,-0.207132
88,69.9127,9,-0.219621,-0.207132
89,32.5008,1,-0.217583,-0.207132
90,100,40,-0.230294,-0.207132
91,100,1,-0.22668,-0.207132
92,100,10,-0.219953,-0.207132
93,0.01,10,-0.222627,-0.207132
94,100,71,-0.230959,-0.207132
95,0.01,99,-0.230116,-0.207132
96,0.01,66,-0.228393,-0.207132
97,93.0717,29,-0.212192,-0.207132
98,69.285,20,-0.22228,-0.207132
99,0.01,66,-0.235197,-0.207132
100,95.8337,83,-0.227546,-0.207132
101,46.7769,1,-0.21571,-0.207132
102,33.4115,9,-0.221353,-0.207132
103,100,23,-0.216059,-0.207132
104,100,30,-0.231801,-0.207132
105,100,12,-0.217928,-0.207132
106,16.675,83,-0.23054,-0.207132
107,37.5122,1,-0.230079,-0.207132
108,50.005,28,-0.226685,-0.207132
109,99.9826,12,-0.221348,-0.207132
110,2.99517,26,-0.230071,-0.207132
111,100,1,-0.216854,-0.207132
112,100,18,-0.219765,-0.207132
113,75.0025,6,-0.221886,-0.207132
114,100,99,-0.2279,-0.207132
115,100,59,-0.225372,-0.207132
116,1.8239,1,-0.216885,-0.207132
117,0.01,1,-0.229838,-0.207132
118,100,71,-0.233985,-0.207132
119,97.8728,40,-0.228094,-0.207132
120,100,71,-0.233256,-0.207132
121,100,1,-0.225489,-0.207132
122,50.005,13,-0.215491,-0.207132
123,3.78931,12,-0.229712,-0.207132
124,5.14487,56,-0.230892,-0.207132
125,55.9371,1,-0.212793,-0.207132
126,61.8429,1,-0.217422,-0.207132
127,69.0686,1,-0.217601,-0.207132
128,56.7296,1,-0.215414,-0.207132
129,75.3885,1,-0.217556,-0.207132
130,61.115,17,-0.219418,-0.207132
131,48.224,1,-0.217413,-0.207132
132,64.8195,12,-0.228504,-0.207132
133,0.01,99,-0.228287,-0.207132
134,100,99,-0.230818,-0.207132
135,47.5149,99,-0.227069,-0.207132
136,46.8223,99,-0.228269,-0.207132
137,0.01,82,-0.221045,-0.207132
138,1.85636,1,-0.222443,-0.207132
139,100,1,-0.218713,-0.207132
140,45.8754,1,-0.213101,-0.207132
141,77.7724,95,-0.227749,-0.207132
142,46.0401,1,-0.21562,-0.207132
143,100,1,-0.225448,-0.207132
144,2.33723,1,-0.221967,-0.207132
145,50.3107,1,-0.213301,-0.207132
146,27.3749,1,-0.217879,-0.207132
147,50.005,79,-0.23372,-0.207132
148,71.3172,1,-0.215454,-0.207132
149,74.3948,13,-0.215402,-0.207132
150,100,17,-0.216975,-0.207132
151,51.1105,34,-0.225281,-0.207132
152,73.5521,1,-0.214568,-0.207132
153,31.1374,1,-0.216879,-0.207132
154,30.6308,12,-0.220382,-0.207132
155,79.7045,12,-0.220884,-0.207132
156,74.4917,1,-0.220062,-0.207132
157,28.3593,1,-0.221505,-0.207132
158,38.895,17,-0.222831,-0.207132
159,30.0571,41,-0.230921,-0.207132
160,68.6863,1,-0.224858,-0.207132
161,100,24,-0.220806,-0.207132
162,73.926,15,-0.22347,-0.207132
163,95.7488,90,-0.228169,-0.207132
164,73.9234,15,-0.226717,-0.207132
165,30.0764,1,-0.219229,-0.207132
166,2.06715,1,-0.218693,-0.207132
167,0.01,99,-0.235668,-0.207132
168,49.5838,1,-0.215408,-0.207132
169,2.04513,1,-0.220587,-0.207132
170,38.895,50,-0.225167,-0.207132
171,29.1738,29,-0.22784,-0.207132
172,31.3211,11,-0.222197,-0.207132
173,0.01,82,-0.228066,-0.207132
174,100,1,-0.221181,-0.207132
175,50.005,72,-0.225966,-0.207132
176,51.4186,1,-0.218901,-0.207132
177,98.8604,61,-0.219737,-0.207132
178,98.6112,50,-0.226603,-0.207132
179,0.01,60,-0.229501,-0.207132
180,1.06119,23,-0.232921,-0.207132
181,100,59,-0.227756,-0.207132
182,100,84,-0.227603,-0.207132
183,100,30,-0.236318,-0.207132
184,50.005,61,-0.23013,-0.207132
185,29.4421,37,-0.230614,-0.207132
186,0.01,87,-0.222541,-0.207132
187,0.01,75,-0.229403,-0.207132
188,100,1,-0.214157,-0.207132
189,100,1,-0.223056,-0.207132
190,44.9288,1,-0.218579,-0.207132
191,100,1,-0.218856,-0.207132
192,2.26415,1,-0.219905,-0.207132
193,75.0025,72,-0.232666,-0.207132
194,100,12,-0.2242,-0.207132
195,43.1059,8,-0.215243,-0.207132
196,43.2074,8,-0.224721,-0.207132
197,100,1,-0.217217,-0.207132
198,57.5918,1,-0.224011,-0.207132
199,2.03278,1,-0.226252,-0.207132
200,100,1,-0.212309,-0.207132
201,100,1,-0.218284,-0.207132
202,100,1,-0.213169,-0.207132
203,100,1,-0.215265,-0.207132
204,100,1,-0.216711,-0.207132
205,100,1,-0.213607,-0.207132
206,74.5938,1,-0.218559,-0.207132
207,3.93455,90,-0.224968,-0.207132
208,74.8023,1,-0.217459,-0.207132

Best eval with params:
eval (mc_estimate_expected_utility) = -0.207132
czt_ball_split_visit_thresh = 1
czt_bias = 51.9773
