env_id,alg_id,search_runtime,max_trial_length,rollouts_per_mc_eval,num_repeats,num_threads
resource-gathering-timed-v0,smbts,20,50,1024,5,16

hp_opt_iter,sm_l_inf_thresh,sm_split_visit_thresh,smbts_search_temp,smbts_epsilon,smbts_use_search_temp_decay,smbts_search_temp_decay_visits_scale,eval(mc_estimate_expected_utility),best_eval_so_far
MIN,0.0001,1,0.01,0.0001,0,0.01,MIN
MAX,0.5,100,100,0.5,1,100,MAX
0,0.384299,42,27.2238,0.107497,1,27.4619,-0.241208,-0.241208
1,0.207565,33,85.2702,0.456991,0,62.9926,-0.233157,-0.233157
2,0.423281,90,52.3955,0.282228,0,55.8144,-0.236632,-0.233157
3,0.475282,8,41.3737,0.384987,1,19.5554,-0.233565,-0.233157
4,0.25875,20,69.5719,0.224868,0,70.657,-0.235833,-0.233157
5,0.111488,80,77.7743,0.0478067,1,35.827,-0.239547,-0.233157
6,0.0215474,72,98.6696,0.43263,0,87.5685,-0.238166,-0.233157
7,0.312917,54,19.3787,0.310148,1,44.9182,-0.239225,-0.233157
8,0.0684559,23,9.07679,0.155319,1,97.9581,-0.235223,-0.233157
9,0.193561,69,37.5214,0.094693,0,9.52714,-0.239571,-0.233157
10,0.000144325,5,99.9991,0.5,0,99.9964,-0.287639,-0.233157
11,0.499999,53,99.9988,0.49999,1,0.0191011,-0.233925,-0.233157
12,0.5,99,0.01,0.5,0,0.01,-0.241962,-0.233157
13,0.499997,52,0.0198015,0.499998,0,0.0198846,-0.240574,-0.233157
14,0.499966,12,0.01,0.000169677,1,0.01,-0.238383,-0.233157
15,0.499995,41,99.999,0.275646,1,99.9976,-0.240595,-0.233157
16,0.000143779,75,99.9991,0.499993,1,0.0197098,-0.232444,-0.232444
17,0.000137312,75,0.0169658,0.499988,1,99.9975,-0.236527,-0.232444
18,0.499998,74,99.9988,0.499989,1,0.0189665,-0.23815,-0.232444
19,0.0001,99,0.01,0.0001,1,0.01,-0.233243,-0.232444
20,0.000841254,99,99.9739,0.499585,1,0.127358,-0.235894,-0.232444
21,0.000143682,1,99.9974,0.499994,0,99.9976,-1.2734,-0.232444
22,0.34059,33,20.1712,0.319137,1,69.6236,-0.235044,-0.232444
23,0.493016,3,19.4667,0.493408,1,98.7108,-0.233994,-0.232444
24,0.481549,7,6.78805,0.481515,1,96.2883,-0.242739,-0.232444
25,0.000168831,99,99.9989,0.000172655,1,0.0197567,-0.241705,-0.232444
26,0.000141331,99,99.9939,0.00014623,1,0.0184107,-0.236541,-0.232444
27,0.000143093,99,99.9984,0.000150059,1,0.0168896,-0.240872,-0.232444
28,0.000146718,99,99.9975,0.000160053,1,0.0192081,-0.243734,-0.232444
29,0.000144236,99,99.9977,0.000150525,1,0.0200313,-0.239909,-0.232444
30,0.0752848,3,51.0381,0.229773,1,95.3381,-0.243469,-0.232444
31,0.295452,83,72.7741,0.287695,0,64.7293,-0.23213,-0.23213
32,0.499991,99,99.9979,0.168243,1,0.0194569,-0.241206,-0.23213
33,0.324922,73,57.6392,0.0779957,0,57.5608,-0.230965,-0.230965
34,0.124376,26,87.8105,0.121175,0,17.7994,-0.238423,-0.230965
35,0.499993,99,0.0189078,0.117486,0,99.9977,-0.237452,-0.230965
36,0.000148846,1,0.0216647,0.19335,0,0.0181274,-0.534867,-0.230965
37,0.000143976,99,99.9982,0.379574,1,0.0201108,-0.241666,-0.230965
38,0.499994,99,0.01943,0.169236,1,0.0195346,-0.238186,-0.230965
39,0.499994,99,0.0197085,0.304578,1,0.019366,-0.243129,-0.230965
40,0.367946,69,32.8316,0.499982,0,64.3191,-0.234261,-0.230965
41,0.247299,51,74.4262,0.499975,1,62.6418,-0.237616,-0.230965
42,0.448627,44,22.6451,0.499993,1,57.6603,-0.238526,-0.230965
43,0.312688,73,5.5034,0.0786685,0,65.2204,-0.235444,-0.230965
44,0.114999,56,37.2152,0.366584,0,39.5479,-0.234458,-0.230965
45,0.288586,58,43.8043,0.421172,0,49.15,-0.240065,-0.230965
46,0.000144537,1,22.2456,0.499988,0,59.482,-1.07268,-0.230965
47,0.499992,99,98.6131,0.00015139,0,64.0978,-0.237566,-0.230965
48,0.499993,99,90.7396,0.000147573,1,55.5247,-0.24488,-0.230965
49,0.499997,99,51.929,0.145199,1,66.2473,-0.244564,-0.230965
50,0.499986,99,60.0592,0.242609,1,42.267,-0.234588,-0.230965
51,0.0723001,99,33.1653,0.00249565,1,95.9678,-0.234543,-0.230965
52,0.166127,66,57.6496,0.0722239,1,57.5717,-0.240987,-0.230965
53,0.419968,87,99.998,0.0163959,1,30.9824,-0.238698,-0.230965
54,0.322955,25,0.019012,0.107706,0,0.018411,-0.23567,-0.230965
55,0.259585,43,0.0188648,0.000144624,0,0.0191005,-0.382924,-0.230965
56,0.121752,31,0.0187233,0.000139498,1,99.9972,-0.335324,-0.230965
57,0.451266,73,57.7547,0.078051,0,57.7499,-0.234166,-0.230965
58,0.151296,89,56.0039,0.0804826,0,56.7418,-0.241802,-0.230965
59,0.430158,41,99.9967,0.000145961,1,0.0194703,-0.237954,-0.230965
60,0.343208,99,99.9973,0.000163947,1,99.9975,-0.238924,-0.230965
61,0.219099,89,99.9983,0.341296,1,0.0196272,-0.237754,-0.230965
62,0.337125,50,99.9986,0.291619,0,99.9977,-0.236278,-0.230965
63,0.241092,87,20.6984,0.364434,1,77.0524,-0.243138,-0.230965
64,0.200841,83,0.0186255,0.292438,0,99.9981,-0.24414,-0.230965
65,0.263248,56,99.997,0.197433,0,0.0189929,-0.24493,-0.230965
66,0.284696,81,2.29762,0.262776,0,87.5258,-0.242702,-0.230965
67,0.271727,54,99.9982,0.184886,0,0.0205577,-0.238846,-0.230965
68,0.482331,59,99.9988,0.249507,1,99.9969,-0.234567,-0.230965
69,0.498891,24,99.9979,0.167109,1,28.4741,-0.2365,-0.230965
70,0.372883,72,99.998,0.300895,1,0.0191058,-0.241201,-0.230965
71,0.482558,41,99.9968,0.358571,0,25.8046,-0.234818,-0.230965
72,0.350453,65,60.3462,0.0835761,1,59.6664,-0.241155,-0.230965
73,0.000143464,83,99.9976,0.000145082,1,0.0192898,-0.236437,-0.230965
74,0.000142423,65,99.9984,0.499991,1,0.0194737,-0.237988,-0.230965
75,0.000143894,81,99.9993,0.49999,1,0.0200546,-0.235427,-0.230965
76,0.499985,85,0.0192516,0.000142401,1,0.0199826,-0.238556,-0.230965
77,0.000144242,57,99.9983,0.368746,1,0.0200636,-0.234577,-0.230965
78,0.385335,65,99.9988,0.499998,1,99.9976,-0.241142,-0.230965
79,0.000146014,72,0.0192704,0.221095,1,0.0195322,-0.228745,-0.228745
80,0.000147443,41,99.9982,0.388662,1,0.0199482,-0.239976,-0.228745
81,0.499993,81,0.0185527,0.499993,1,0.0196853,-0.237924,-0.228745
82,0.000139156,55,99.9965,0.000149405,1,0.0180466,-0.237381,-0.228745
83,0.000144469,48,99.999,0.499989,1,99.998,-0.239728,-0.228745
84,0.114405,32,69.1051,0.000157742,0,99.9978,-0.237495,-0.228745
85,0.000140166,87,0.0172962,0.000149338,1,99.9954,-0.247165,-0.228745
86,0.000145218,54,0.0187106,0.000150219,1,99.9979,-0.239411,-0.228745
87,0.499993,67,99.9981,0.000148245,1,0.0191498,-0.243395,-0.228745
88,0.00392042,92,89.1494,0.40269,1,79.6527,-0.239326,-0.228745
89,0.499998,67,99.9972,0.000158031,1,0.019236,-0.24333,-0.228745
90,0.499985,32,99.9987,0.000151323,0,99.9981,-0.241645,-0.228745
91,0.499994,31,99.9991,0.000161382,0,0.0194887,-0.233891,-0.228745
92,0.499993,46,99.9984,0.000150796,1,0.0194651,-0.238963,-0.228745
93,0.499994,61,0.0182178,0.499992,1,0.0198938,-0.242349,-0.228745
94,0.499994,88,99.999,0.499988,1,0.0199968,-0.239645,-0.228745
95,0.499993,34,99.9975,0.499997,1,0.0201564,-0.231696,-0.228745
96,0.499993,40,99.9991,0.499992,1,0.0195729,-0.239749,-0.228745
97,0.499987,81,0.0197266,0.00015106,1,99.9988,-0.237232,-0.228745
98,0.499993,54,0.0185086,0.000148928,1,99.9975,-0.241206,-0.228745
99,0.499995,78,99.9992,0.499988,1,99.9972,-0.245008,-0.228745
100,0.49998,94,99.9972,0.499979,0,0.0271227,-0.240375,-0.228745
101,0.49998,67,99.9983,0.499988,0,0.0199356,-0.242263,-0.228745
102,0.00251124,80,0.503178,0.499728,0,0.607583,-0.238737,-0.228745
103,0.000461284,66,0.0476277,0.12931,0,0.043278,-0.237402,-0.228745
104,0.000399009,73,0.0167348,0.204093,1,0.0667794,-0.23863,-0.228745
105,0.000583176,67,0.342632,0.0001,1,0.0853925,-0.237989,-0.228745
106,0.000790534,63,0.0130288,0.0001,1,0.143639,-0.246007,-0.228745
107,0.499997,87,99.9973,0.499974,0,99.9999,-0.235885,-0.228745
108,0.499994,49,0.0184336,0.499989,1,0.0196258,-0.241255,-0.228745
109,0.499993,78,99.9974,0.000149702,0,0.0201945,-0.231175,-0.228745
110,0.392992,59,50.0934,0.280834,1,52.9893,-0.231766,-0.228745
111,0.499993,78,99.9982,0.000148712,0,0.0204049,-0.240456,-0.228745
112,0.000779264,87,0.0990296,0.125363,1,0.0190303,-0.244013,-0.228745
113,0.499993,43,99.999,0.000149318,0,99.9976,-0.237151,-0.228745
114,0.499982,33,0.0195464,0.499985,0,0.0180352,-0.238287,-0.228745
115,0.499994,76,0.0202481,0.499987,0,0.01,-0.236296,-0.228745
116,0.499993,86,0.0189263,0.499989,0,0.0203632,-0.239164,-0.228745
117,0.499999,91,0.0195264,0.499984,0,0.0202112,-0.246636,-0.228745
118,0.499994,63,0.0184749,0.499992,0,0.0197615,-0.231221,-0.228745
119,0.499993,65,0.0186989,0.499991,1,0.0201332,-0.233565,-0.228745
120,0.000454372,75,0.165723,0.5,0,0.0819852,-0.240418,-0.228745
121,0.499988,49,0.0179764,0.499995,0,0.0177845,-0.237212,-0.228745
122,0.000144094,75,99.9994,0.499989,0,99.9981,-0.237499,-0.228745
123,0.00014285,92,99.9988,0.499995,0,99.9978,-0.237566,-0.228745
124,0.000137224,99,99.998,0.499991,0,99.9977,-0.237604,-0.228745
125,0.000143971,85,99.9992,0.499997,0,99.9977,-0.238512,-0.228745
126,0.000144458,74,99.999,0.499989,1,99.9976,-0.238997,-0.228745
127,0.000144499,36,99.9989,0.499995,0,99.9986,-0.242926,-0.228745
128,0.000144583,65,99.9978,0.000149558,0,0.0193796,-0.239416,-0.228745
129,0.000144407,93,99.999,0.499989,0,99.998,-0.233759,-0.228745
130,0.499993,78,99.999,0.499989,0,0.0195404,-0.240597,-0.228745
131,0.000149361,63,99.9993,0.499989,0,99.997,-0.232329,-0.228745
132,0.217687,52,32.5186,0.292214,0,2.80434,-0.240484,-0.228745
133,0.000143563,33,99.9978,0.000145143,1,0.0194612,-0.234888,-0.228745
134,0.000149628,34,99.9957,0.000161297,0,0.0195917,-0.234799,-0.228745
135,0.000573776,98,0.0357333,0.222062,1,0.107126,-0.232701,-0.228745
136,0.00102788,96,0.171101,0.221571,1,0.0833791,-0.239717,-0.228745
137,0.215379,22,100,0.232336,0,72.4641,-0.243543,-0.228745
138,0.213729,18,99.7461,0.201892,0,76.898,-0.236704,-0.228745
139,0.000144053,39,63.4259,0.0411697,1,58.6244,-0.23711,-0.228745
140,0.0505406,70,14.2109,0.000131672,1,57.8941,-0.238288,-0.228745
141,0.0440627,58,17.5509,0.000150544,1,60.5945,-0.239484,-0.228745
142,0.00015139,49,65.2781,0.000145756,1,55.6992,-0.242702,-0.228745
143,0.458476,10,20.5242,0.454683,1,20.5727,-0.242436,-0.228745
144,0.443559,13,21.274,0.49803,1,21.2928,-0.233042,-0.228745
145,0.484044,15,8.11202,0.476888,1,6.33197,-0.244019,-0.228745
146,0.499993,17,0.0185052,0.499989,1,0.0194811,-0.240146,-0.228745
147,0.000143974,13,0.0181787,0.000148858,0,99.9981,-0.240086,-0.228745
148,0.000148503,16,7.50442,0.000138736,0,99.9992,-0.235615,-0.228745
149,0.000143455,11,99.9964,0.000154853,0,99.9989,-0.23329,-0.228745
150,0.000660724,19,0.0756564,0.205334,1,0.0426311,-0.241897,-0.228745
151,0.000750745,27,0.0477369,0.217948,1,0.0157729,-0.24274,-0.228745
152,0.000144142,17,99.999,0.000148952,0,99.998,-0.235877,-0.228745
153,0.000149442,62,59.554,0.000150698,0,59.1333,-0.231565,-0.228745
154,0.13575,64,93.6671,0.0373115,0,64.8076,-0.238618,-0.228745
155,0.000145359,62,68.1297,0.000149348,0,58.6595,-0.234916,-0.228745
156,0.000150416,75,0.0289781,0.000144203,1,0.0191517,-0.241013,-0.228745
157,0.000144138,51,0.018491,0.000148878,1,0.0200092,-1.07928,-0.228745
158,0.492602,9,0.0179762,0.000153318,0,2.3823,-0.248424,-0.228745
159,0.499992,4,0.0188026,0.000148566,1,2.48488,-0.239795,-0.228745
160,0.000199598,47,0.0171151,0.220397,1,0.0155638,-0.235264,-0.228745
161,0.499992,7,0.0185368,0.000150065,1,0.0202495,-0.24485,-0.228745
162,0.000144918,11,99.9988,0.499096,0,99.9976,-0.239568,-0.228745
163,0.000149178,24,99.9985,0.499995,0,99.9991,-0.238476,-0.228745
164,0.000144078,14,99.999,0.499989,0,99.9975,-0.239419,-0.228745
165,0.000145679,55,0.0194697,0.499985,0,42.1941,-0.238761,-0.228745
166,0.000147911,12,0.0197837,0.238426,0,0.0194592,-0.243223,-0.228745
167,0.000620538,56,0.104771,0.0104664,1,0.115956,-0.239549,-0.228745
168,0.000143406,16,6.80679,0.269313,0,0.0192575,-0.240603,-0.228745
169,0.000435016,60,0.083199,0.00148676,1,0.0860378,-0.243314,-0.228745
170,0.000454079,76,0.160431,0.0661984,1,0.0306635,-0.240764,-0.228745
171,0.499996,14,21.1382,0.145869,1,99.9974,-0.24331,-0.228745
172,0.499992,11,0.0194796,0.211252,1,99.999,-0.23772,-0.228745
173,0.499995,17,0.0184871,0.191344,1,99.9976,-0.245248,-0.228745
174,0.000143582,19,99.5421,0.499994,0,99.9976,-0.231878,-0.228745
175,0.000143262,20,99.4613,0.499989,0,99.9976,-0.236047,-0.228745
176,0.00977618,92,47.175,0.189834,1,8.93736,-0.23534,-0.228745
177,0.00014429,20,99.1345,0.499995,0,99.9968,-0.235082,-0.228745
178,0.00014411,17,99.999,0.499988,0,99.9975,-0.23726,-0.228745
179,0.499994,84,99.9985,0.499201,1,0.0190997,-0.235119,-0.228745
180,0.000283522,82,0.02334,0.0644016,1,0.069585,-0.237911,-0.228745
181,0.000144719,8,99.9985,0.154732,0,0.0199938,-0.237374,-0.228745
182,0.000143476,10,99.9981,0.218809,0,0.0194537,-0.243818,-0.228745
183,0.283561,94,0.0205459,0.0894843,0,99.9973,-0.240428,-0.228745
184,0.000150548,5,99.9982,0.0001,0,0.0195895,-0.307134,-0.228745
185,0.00014327,14,99.9981,0.216802,0,0.0193609,-0.236836,-0.228745
186,0.499994,84,2.08446,0.0333865,1,99.9975,-0.244715,-0.228745
187,0.000128466,23,99.9996,0.376713,0,0.0216528,-0.237803,-0.228745
188,0.00014413,17,99.9984,0.27173,0,0.0192476,-0.243102,-0.228745
189,0.000163378,97,99.9973,0.499996,0,0.0262663,-0.236247,-0.228745
190,0.000187858,96,99.9974,0.499987,0,0.0276001,-0.232985,-0.228745
191,0.000141705,70,99.999,0.499968,0,0.0189961,-0.242313,-0.228745
192,0.000141877,83,99.9988,0.499991,0,0.0190785,-0.238473,-0.228745
193,0.5,97,99.9998,0.0001,1,23.2054,-0.233171,-0.228745
194,0.499995,97,99.9998,0.339046,1,50.7337,-0.243382,-0.228745
195,0.499997,95,99.9973,0.0755097,1,0.0199287,-0.240108,-0.228745
196,0.5,93,99.9992,0.208459,1,0.0208278,-0.23423,-0.228745
197,0.017792,94,99.9968,0.296801,1,0.0185027,-0.236135,-0.228745
198,0.235069,97,47.7491,0.151934,1,86.0911,-0.238694,-0.228745
199,0.000476942,78,0.172467,0.0167487,1,0.0129045,-0.236163,-0.228745
200,0.0001,94,99.9986,0.30165,1,0.0194203,-0.239698,-0.228745
201,0.499982,79,99.9999,0.303487,1,0.0199961,-0.236494,-0.228745
202,0.49999,74,99.9997,0.179544,1,0.0200832,-0.241508,-0.228745
203,0.499988,85,99.9985,0.246243,1,0.0186864,-0.246357,-0.228745
204,0.499998,70,99.9962,0.184495,1,0.0220758,-0.237727,-0.228745
205,0.499999,76,99.9979,0.258943,1,0.0165483,-0.228665,-0.228665
206,0.499993,82,99.999,0.222946,1,0.01952,-0.244945,-0.228665
207,0.000144588,90,0.0186606,0.499991,1,74.4318,-0.236254,-0.228665

Best eval with params:
eval (mc_estimate_expected_utility) = -0.228665
smbts_search_temp_decay_visits_scale = 0.0165483
smbts_epsilon = 0.258943
smbts_search_temp = 99.9979
smbts_use_search_temp_decay = 1
sm_split_visit_thresh = 76
sm_l_inf_thresh = 0.499999
