env_id,alg_id,search_runtime,max_trial_length,rollouts_per_mc_eval,num_repeats,num_threads
resource-gathering-timed-v0,smdents,20,50,1024,5,16

hp_opt_iter,sm_l_inf_thresh,sm_split_visit_thresh,smbts_search_temp,smbts_epsilon,smbts_use_search_temp_decay,smbts_search_temp_decay_visits_scale,smdents_entropy_temp_init,smdents_entropy_temp_visits_scale,eval(mc_estimate_expected_utility),best_eval_so_far
MIN,0.0001,1,0.01,0.0001,0,0.01,0.001,0.01,MIN
MAX,0.5,100,100,0.5,1,100,100,100,MAX
0,0.384299,42,27.2238,0.107497,1,27.4619,34.2763,34.8597,-0.234624,-0.234624
1,0.207565,33,85.2702,0.456991,0,62.9926,66.2087,18.801,-0.240204,-0.234624
2,0.423281,90,52.3955,0.282228,0,55.8144,49.3664,27.4721,-0.238798,-0.234624
3,0.475282,8,41.3737,0.384987,1,19.5554,14.1288,3.19011,-0.23743,-0.234624
4,0.25875,20,69.5719,0.224868,0,70.657,81.806,81.0101,-0.233526,-0.233526
5,0.111488,80,77.7743,0.0478067,1,35.827,6.70551,62.7855,-0.23484,-0.233526
6,0.0215474,72,98.6696,0.43263,0,87.5685,97.184,96.9416,-0.234235,-0.233526
7,0.312917,54,19.3787,0.310148,1,44.9182,70.3768,73.3221,-0.23883,-0.233526
8,0.0684559,23,9.07679,0.155319,1,97.9581,27.4272,45.959,-0.233462,-0.233462
9,0.193561,69,37.5214,0.094693,0,9.52714,55.3605,57.9783,-0.237814,-0.233462
10,0.4243,23,75.5675,0.000145192,0,15.1891,89.9503,95.9315,-0.23603,-0.233462
11,0.0001,99,0.01,0.5,1,100,100,0.01,-0.241005,-0.233462
12,0.0678958,23,9.10686,0.155224,1,97.9013,27.4952,70.8939,-0.23827,-0.233462
13,0.0338151,26,8.30178,0.0001,0,98.097,0.001,0.01,-0.239736,-0.233462
14,0.000147835,99,99.9989,0.499989,0,99.9994,85.1628,99.9976,-0.23569,-0.233462
15,0.000148703,1,99.9987,0.000149068,1,0.0195384,84.1534,0.0190921,-1.68529,-0.233462
16,0.000146765,99,99.998,0.000146019,0,99.9975,17.5702,99.9975,-0.238739,-0.233462
17,0.000146708,1,99.9989,0.49999,1,99.9975,42.3424,99.9975,-0.320202,-0.233462
18,0.5,99,0.01,0.5,0,0.01,0.001,100,-0.239973,-0.233462
19,0.499989,99,0.019224,0.499989,0,0.0199858,21.7496,99.9975,-0.239553,-0.233462
20,0.247319,99,0.0196898,0.000148076,0,48.0087,0.00937238,99.9975,-0.236283,-0.233462
21,0.158973,99,21.5754,0.0958689,0,79.8209,0.010608,100,-0.236517,-0.233462
22,0.318137,99,99.9991,0.499985,0,28.7039,0.00742406,99.9987,-0.238378,-0.233462
23,0.228839,99,99.9979,0.000149779,1,59.1316,0.00922208,99.9984,-0.243846,-0.233462
24,0.297166,99,0.0196196,0.493404,0,37.6318,0.010073,0.0190946,-0.234785,-0.233462
25,0.302043,99,99.9982,0.000148917,0,43.516,0.0108319,0.0195736,-0.232489,-0.232489
26,0.167797,99,2.30401,0.499981,1,83.4272,0.0120835,0.0207021,-0.236049,-0.232489
27,0.227568,99,0.0176437,0.499995,0,55.7131,99.9986,99.9981,-0.23365,-0.232489
28,0.323168,1,0.0200432,0.00014943,0,30.6706,0.00933081,99.9973,-0.245887,-0.232489
29,0.235702,99,0.0175548,0.499991,1,53.1919,0.00875473,99.9983,-0.247056,-0.232489
30,0.208262,99,0.0201334,0.000148974,0,66.2218,0.0109782,0.0204553,-0.231756,-0.231756
31,0.312623,99,83.2655,0.000158227,0,36.9265,99.9991,99.9993,-0.237155,-0.231756
32,0.138762,99,99.9997,0.441098,0,91.4445,83.7021,80.7884,-0.231207,-0.231207
33,0.13113,99,99.9973,0.000154463,0,87.3343,0.012312,0.0217006,-0.239785,-0.231207
34,0.181073,99,99.9996,0.499993,0,66.8416,0.00923225,99.9981,-0.233236,-0.231207
35,0.301287,99,99.9995,0.5,0,57.2073,0.00929238,99.9958,-0.242691,-0.231207
36,0.281383,99,0.0180264,0.000155082,0,52.8634,99.9991,0.0220166,-0.236116,-0.231207
37,0.232244,1,42.7043,0.000152267,0,58.4538,0.00926927,99.9991,-0.286675,-0.231207
38,0.39644,74,55.8585,0.320796,0,9.33333,47.7414,25.921,-0.236178,-0.231207
39,0.188827,2,33.7493,0.00015219,0,71.1883,0.00956497,99.9992,-0.351954,-0.231207
40,0.356247,99,80.1425,0.499981,1,33.0208,70.8628,13.6779,-0.235379,-0.231207
41,0.274632,99,98.4265,0.499989,0,44.8304,74.6347,1.9346,-0.236045,-0.231207
42,0.337401,99,0.01,0.000751333,1,27.6322,0.00732029,36.9728,-0.239078,-0.231207
43,0.272571,99,71.2825,0.254703,1,49.5209,0.0112825,0.020278,-0.241273,-0.231207
44,0.391619,99,0.0204075,0.499979,0,28.3262,24.7009,99.9973,-0.234052,-0.231207
45,0.321439,99,0.01,0.40243,0,25.9035,91.4889,99.9953,-0.23276,-0.231207
46,0.399402,99,100,0.0869723,0,29.6669,0.001,99.9976,-0.24064,-0.231207
47,0.26985,99,50.6083,0.209549,0,35.7314,23.315,99.999,-0.248022,-0.231207
48,0.412867,99,0.0187234,0.5,1,28.618,99.9974,99.9991,-0.237732,-0.231207
49,0.114369,99,16.1945,0.418804,1,90.5541,99.9984,42.4862,-0.238949,-0.231207
50,0.369846,99,0.0157242,0.165846,0,31.2333,99.9951,0.01,-0.238186,-0.231207
51,0.331057,99,81.4406,0.000186922,1,43.3418,99.9989,100,-0.237169,-0.231207
52,0.342814,99,0.0211191,0.499989,0,44.5313,53.0699,7.49481,-0.233755,-0.231207
53,0.164281,99,71.8443,0.255052,1,76.742,99.9994,29.7946,-0.23605,-0.231207
54,0.25752,99,58.5603,0.283127,1,47.1625,99.9974,61.0138,-0.240099,-0.231207
55,0.0882931,99,49.1921,0.499982,0,92.7507,5.0869,15.8503,-0.23058,-0.23058
56,0.37,99,0.0274761,0.499971,1,15.1962,0.0155871,97.5597,-0.241352,-0.23058
57,0.088589,99,49.1591,0.499881,0,92.7934,5.07068,27.5957,-0.235029,-0.23058
58,0.234895,99,22.1746,0.499987,0,54.8574,0.0109989,0.0213957,-0.236797,-0.23058
59,0.412388,99,0.0199352,0.21169,0,25.9413,0.0111873,0.0220952,-0.24758,-0.23058
60,0.322077,51,0.694735,0.269554,0,56.2953,24.3601,53.2276,-0.237538,-0.23058
61,0.412833,99,0.01948,0.074173,0,26.6072,0.0121083,29.1031,-0.23927,-0.23058
62,0.180493,63,38.1241,0.27967,0,88.9632,35.0094,68.4276,-0.239878,-0.23058
63,0.382254,62,30.8932,0.253658,0,37.9547,19.2886,99.9981,-0.239191,-0.23058
64,0.231058,69,48.2655,0.250451,0,72.3636,40.942,63.7061,-0.236116,-0.23058
65,0.336794,70,34.1482,0.209193,0,40.7601,29.2215,73.4498,-0.239739,-0.23058
66,0.450538,53,19.0013,0.435679,0,31.7989,36.4854,82.8313,-0.238847,-0.23058
67,0.118015,65,36.9045,0.27817,1,98.298,25.77,63.3994,-0.237387,-0.23058
68,0.16564,72,26.3698,0.480829,0,78.1036,41.4802,61.3077,-0.242761,-0.23058
69,0.294956,69,90.5395,0.116062,0,60.6746,38.939,52.7568,-0.236889,-0.23058
70,0.382599,69,0.01,0.000152561,0,31.2907,0.00884044,87.9774,-0.241204,-0.23058
71,0.368885,69,70.411,0.478097,0,37.095,86.5197,53.528,-0.235266,-0.23058
72,0.287348,99,0.0190393,0.141567,0,33.9087,42.8608,34.6908,-0.237779,-0.23058
73,0.252173,99,92.2745,0.427855,0,44.3933,0.0117626,74.1479,-0.235435,-0.23058
74,0.221137,99,55.4315,0.107543,1,59.9203,72.6198,14.3271,-0.238675,-0.23058
75,0.310322,99,87.5914,0.0510513,0,33.4348,50.7304,48.7994,-0.234835,-0.23058
76,0.392442,99,99.4229,0.499985,1,26.8024,0.001,33.1695,-0.242942,-0.23058
77,0.316105,99,17.7747,0.499987,1,39.1606,25.0551,92.386,-0.246298,-0.23058
78,0.0976179,99,52.7596,0.499986,0,81.9067,5.39796,17.1827,-0.233273,-0.23058
79,0.236345,99,77.981,0.151456,0,50.2716,37.1354,43.0384,-0.236883,-0.23058
80,0.257526,99,26.5383,0.499992,1,65.6173,78.859,0.0195286,-0.237758,-0.23058
81,0.298329,99,20.9066,0.499992,0,43.2932,99.9975,68.3396,-0.240207,-0.23058
82,0.483422,83,40.2436,0.0851302,0,81.5239,26.236,96.1096,-0.232873,-0.23058
83,0.41502,47,57.5579,0.125528,1,57.2125,41.8375,66.6912,-0.233027,-0.23058
84,0.289674,65,27.0796,0.217655,1,78.5871,36.2194,64.7234,-0.238769,-0.23058
85,0.400695,61,24.4104,0.255991,0,42.6936,0.0108167,0.0179247,-0.236825,-0.23058
86,0.349579,68,0.0188131,0.00015229,0,53.5127,99.9993,100,-0.241085,-0.23058
87,0.444209,64,76.2268,0.180205,1,33.6299,38.3278,99.9974,-0.241221,-0.23058
88,0.103722,71,40.4097,0.0891069,1,99.9982,42.3556,66.0001,-0.238718,-0.23058
89,0.145255,64,99.9992,0.425431,0,99.9629,54.1392,11.5617,-0.240013,-0.23058
90,0.402176,40,2.31909,0.49999,0,52.3502,22.6566,99.9982,-0.242625,-0.23058
91,0.128726,80,57.9415,0.259132,1,84.157,6.2811,99.9961,-0.235052,-0.23058
92,0.281802,73,43.5948,0.377992,0,59.0547,31.8419,74.2526,-0.237597,-0.23058
93,0.422794,68,0.0194422,0.10368,0,26.4986,89.0897,65.1079,-0.234166,-0.23058
94,0.128132,79,5.17104,0.0585961,0,86.8347,85.5083,61.1496,-0.233404,-0.23058
95,0.35005,73,39.7209,0.241524,1,50.3433,22.1461,25.4047,-0.233004,-0.23058
96,0.191241,81,83.8528,0.159873,0,75.175,52.7234,61.2904,-0.240493,-0.23058
97,0.368655,70,90.5125,0.198708,0,35.6628,20.1874,78.1375,-0.240215,-0.23058
98,0.0790269,69,0.0184714,0.467262,0,99.9996,0.794084,76.7764,-0.238832,-0.23058
99,0.234741,76,5.88921,0.174554,1,66.7903,6.45213,52.6354,-0.236004,-0.23058
100,0.365904,73,0.0203344,0.46933,0,34.6395,52.9382,60.4807,-0.235987,-0.23058
101,0.419252,57,56.508,0.0195136,0,44.7891,99.9225,12.0598,-0.236191,-0.23058
102,0.294059,65,51.6719,0.499988,0,76.2995,93.0145,8.29851,-0.239817,-0.23058
103,0.101269,78,84.1426,0.280993,1,95.0617,20.8613,39.3812,-0.243448,-0.23058
104,0.301776,51,3.9374,0.244912,1,3.01185,5.36783,32.2832,-0.241062,-0.23058
105,0.377275,68,0.0198785,0.271711,0,18.8118,0.0108856,65.0252,-0.234651,-0.23058
106,0.331115,75,6.08432,0.195825,0,30.3214,19.1791,50.7762,-0.232256,-0.23058
107,0.314852,76,19.1759,0.189067,0,40.0621,19.2343,49.8148,-0.234311,-0.23058
108,0.102589,78,83.1071,0.289463,1,95.3509,21.451,38.8392,-0.23911,-0.23058
109,0.118404,90,18.7144,0.301033,0,78.3986,49.7116,99.9977,-0.236666,-0.23058
110,0.288813,77,8.9576,0.226854,0,46.82,31.0586,55.7018,-0.238088,-0.23058
111,0.205517,75,90.1839,0.499992,1,82.6491,68.8194,99.9976,-0.237901,-0.23058
112,0.429403,61,0.019628,0.362772,1,18.5749,10.7847,61.9449,-0.244416,-0.23058
113,0.0948827,70,11.0588,0.267705,0,99.9985,77.7019,9.99684,-0.242036,-0.23058
114,0.17163,84,58.6624,0.354616,0,72.9343,10.7998,26.308,-0.241255,-0.23058
115,0.369097,72,50.3917,0.254683,0,22.6721,78.7458,99.9875,-0.235414,-0.23058
116,0.348143,66,90.0137,0.450858,1,54.411,72.9898,99.9883,-0.237512,-0.23058
117,0.0751936,81,42.9044,0.161542,1,99.9973,39.7684,99.9974,-0.235831,-0.23058
118,0.248258,81,29.3137,0.0630287,0,66.0714,94.1707,99.9978,-0.23933,-0.23058
119,0.369779,71,55.4361,0.339923,0,29.6284,37.8003,0.01,-0.239581,-0.23058
120,0.34243,69,75.3374,0.0001,1,52.5177,0.0103302,38.1103,-0.23944,-0.23058
121,0.15629,72,0.01,0.0697637,1,91.3843,0.0098941,0.66163,-0.232821,-0.23058
122,0.0940078,71,90.5617,0.342326,0,98.7969,0.051072,82.9559,-0.244117,-0.23058
123,0.368178,75,2.12981,0.000157166,0,17.9698,42.886,99.9965,-0.244308,-0.23058
124,0.312796,75,35.0031,0.478819,0,43.0503,74.4075,44.6517,-0.239037,-0.23058
125,0.110785,97,43.4477,0.0857286,1,79.2892,31.0833,68.9667,-0.23168,-0.23058
126,0.0573302,91,95.1407,0.276542,1,72.9245,5.41006,2.27786,-0.235665,-0.23058
127,0.110699,97,46.9453,0.103617,1,79.2096,31.3191,65.4277,-0.237738,-0.23058
128,0.172633,87,46.2994,0.307062,0,69.119,0.0113836,39.459,-0.23209,-0.23058
129,0.248488,77,56.9126,0.311239,0,59.3696,0.00927457,32.9356,-0.236165,-0.23058
130,0.401259,64,0.0181757,0.200444,1,38.841,81.8582,34.7426,-0.237524,-0.23058
131,0.102661,81,67.4028,0.307778,1,91.255,72.5828,7.95194,-0.23758,-0.23058
132,0.379455,64,61.6196,0.3262,1,28.5906,2.90929,99.997,-0.235771,-0.23058
133,0.361831,83,0.614651,0.0693985,1,51.8378,28.1184,95.5529,-0.239363,-0.23058
134,0.335778,81,33.0103,0.220642,0,26.141,46.9225,43.3994,-0.235852,-0.23058
135,0.14491,99,19.9832,0.26671,0,66.119,53.6631,62.1262,-0.232329,-0.23058
136,0.184772,88,26.2293,0.259902,0,64.6895,50.5503,62.3067,-0.234113,-0.23058
137,0.0715453,82,2.01572,0.139468,0,92.1213,0.001,38.2038,-0.240217,-0.23058
138,0.164971,85,99.9979,0.265683,0,80.0348,61.3397,4.79486,-0.239108,-0.23058
139,0.420559,48,37.9827,0.499999,0,25.4356,0.00162146,43.8709,-0.240416,-0.23058
140,0.281594,81,36.5395,0.179537,0,42.452,35.9889,72.5251,-0.238208,-0.23058
141,0.139327,65,0.0192893,0.499989,1,94.3877,69.1549,52.2758,-0.237842,-0.23058
142,0.404119,34,55.175,0.197596,0,47.659,9.15619,41.4894,-0.234735,-0.23058
143,0.287982,55,33.477,0.446766,1,78.8547,0.0109524,0.448185,-0.240628,-0.23058
144,0.441185,63,49.4271,0.000153335,0,22.6585,0.001,16.5137,-0.241588,-0.23058
145,0.415354,74,59.315,0.499987,0,24.6966,95.3051,72.3239,-0.244425,-0.23058
146,0.350375,54,0.0186321,0.0934654,0,59.2164,73.6191,0.0209385,-0.243718,-0.23058
147,0.104994,90,77.152,0.5,1,84.9802,27.4965,91.9293,-0.231954,-0.23058
148,0.421043,98,83.5609,0.163154,1,6.23837,69.7543,59.3136,-0.242507,-0.23058
149,0.107487,90,76.8024,0.5,1,84.6616,7.95422,89.9266,-0.242104,-0.23058
150,0.107216,81,23.8128,0.5,0,86.8502,66.8237,59.7776,-0.234432,-0.23058
151,0.330221,76,100,0.234946,0,57.8785,85.4156,24.0044,-0.237783,-0.23058
152,0.144646,76,49.9632,0.0618756,0,85.2349,0.012578,40.3932,-0.23798,-0.23058
153,0.201609,81,4.67208,0.5,0,74.6191,57.8471,14.3727,-0.237407,-0.23058
154,0.253069,82,16.3067,0.145681,1,55.7711,29.6642,34.7437,-0.241125,-0.23058
155,0.41461,39,0.018562,0.0423411,0,37.3223,48.1824,99.9968,-0.249558,-0.23058
156,0.185514,50,14.297,0.166116,1,99.9989,70.3695,51.76,-0.239549,-0.23058
157,0.377567,77,5.82804,0.49998,1,26.4394,0.0105283,11.9148,-0.237793,-0.23058
158,0.360205,81,62.1896,0.0598536,0,29.4916,54.0468,37.5481,-0.242464,-0.23058
159,0.335824,55,90.0602,0.499972,0,61.8168,0.00863243,99.9982,-0.239529,-0.23058
160,0.394202,75,23.3862,0.499994,1,48.6943,0.0112101,61.5252,-0.239215,-0.23058
161,0.0986464,89,75.618,0.0365383,0,90.7964,83.629,65.6352,-0.238025,-0.23058
162,0.229127,82,83.922,0.499987,0,63.62,62.524,80.3559,-0.238572,-0.23058
163,0.182022,79,86.5415,0.289455,1,81.7459,0.01962,29.0098,-0.234271,-0.23058
164,0.277091,83,76.913,0.000146669,0,73.5932,19.5724,39.5867,-0.24005,-0.23058
165,0.328701,85,25.4753,0.313636,0,19.5798,0.00742798,63.1854,-0.240694,-0.23058
166,0.167415,99,54.9819,0.175446,0,59.2893,0.0105511,62.4826,-0.231613,-0.23058
167,0.318895,77,65.6351,0.336307,0,42.133,0.0110388,30.5173,-0.240704,-0.23058
168,0.0629534,73,15.7155,0.496227,1,100,35.0727,45.2713,-0.234324,-0.23058
169,0.393707,84,45.6725,0.248599,0,42.6276,76.2533,99.9973,-0.238135,-0.23058
170,0.151532,38,70.4249,0.212952,0,7.7991,63.6505,74.0775,-0.2374,-0.23058
171,0.268501,69,52.4815,0.379269,0,26.9776,50.1569,99.9973,-0.235079,-0.23058
172,0.265411,70,51.3438,0.33587,0,28.4578,46.9351,99.9972,-0.235255,-0.23058
173,0.232018,77,46.0555,0.312692,0,37.6374,46.1762,98.023,-0.240365,-0.23058
174,0.331257,52,67.2086,0.342078,0,24.3333,69.2344,100,-0.244089,-0.23058
175,0.281237,82,48.1253,0.334326,0,17.647,62.097,59.0512,-0.239351,-0.23058
176,0.219369,80,62.56,0.255366,0,46.905,66.9415,64.7197,-0.2342,-0.23058
177,0.202281,99,58.6474,0.300041,1,38.9408,25.2056,22.1787,-0.2408,-0.23058
178,0.198453,99,86.2711,0.129284,0,40.2519,34.4904,79.5664,-0.241701,-0.23058
179,0.252816,53,52.4315,0.223666,0,32.6561,72.4857,0.0195154,-0.236994,-0.23058
180,0.225243,99,85.4299,0.129518,0,26.4567,0.0182299,53.1311,-0.233731,-0.23058
181,0.194644,99,0.0188093,0.263399,1,48.4381,86.1446,63.2365,-0.238011,-0.23058
182,0.228666,99,10.4771,0.101704,0,28.3231,86.646,67.7483,-0.239051,-0.23058
183,0.0878462,99,49.1854,0.499169,0,98.1835,5.18851,15.7765,-0.232839,-0.23058
184,0.29488,40,95.1714,0.332293,1,38.3218,77.6311,3.43228,-0.232282,-0.23058
185,0.181285,99,98.5303,0.499951,1,61.5567,42.8441,34.1088,-0.239841,-0.23058
186,0.238613,63,46.715,0.499989,1,33.2035,42.6988,39.1761,-0.238301,-0.23058
187,0.459778,99,78.321,0.401825,0,36.3811,51.7971,45.6596,-0.235582,-0.23058
188,0.207251,99,87.5244,0.499987,0,48.0914,85.7243,16.8765,-0.230129,-0.230129
189,0.402524,99,96.7973,0.210156,1,44.2078,95.9507,66.2377,-0.239794,-0.230129
190,0.139632,99,47.8442,0.366866,1,81.9383,80.9806,0.0199413,-0.238881,-0.230129
191,0.225698,99,99.9955,0.32729,0,64.4265,99.9975,0.0181632,-0.235498,-0.230129
192,0.0189045,13,41.0798,0.153128,1,97.0827,39.9837,83.2464,-0.239681,-0.230129
193,0.225066,99,99.9946,0.338797,0,64.8632,99.9977,0.0186989,-0.241534,-0.230129
194,0.230607,99,93.5419,0.00273322,0,35.7693,50.4893,0.0196639,-0.233974,-0.230129
195,0.200966,99,45.9019,0.499985,0,40.6447,0.00977487,24.8484,-0.241366,-0.230129
196,0.240396,99,99.9985,0.261602,1,34.8616,99.0592,87.538,-0.236153,-0.230129
197,0.262058,45,99.9988,0.00396018,0,29.233,20.995,13.9504,-0.234769,-0.230129
198,0.226313,99,68.4672,0.499969,0,24.7225,56.7199,50.0011,-0.238198,-0.230129
199,0.291657,31,61.0582,0.37075,0,43.2689,99.9977,0.0200663,-0.239052,-0.230129
200,0.250784,72,64.2011,0.000148833,1,24.5737,0.687447,73.5504,-0.230167,-0.230129
201,0.215823,99,99.9965,0.00014697,0,37.0749,99.8835,98.5844,-0.240873,-0.230129
202,0.220945,59,88.5025,0.355954,0,27.7213,0.00982721,100,-0.233045,-0.230129
203,0.22881,99,0.0198837,0.0837898,0,29.4952,0.0101893,20.6472,-0.24006,-0.230129
204,0.291961,56,65.7196,0.000151753,1,29.3458,99.987,34.821,-0.233192,-0.230129
205,0.275524,99,100,0.0194585,1,26.0986,38.3412,40.6533,-0.233327,-0.230129
206,0.24825,42,22.2169,0.0566566,0,29.7909,87.4624,59.7286,-0.227953,-0.227953
207,0.250065,58,99.9971,0.000147195,0,18.0297,76.3285,96.712,-0.243298,-0.227953

Best eval with params:
eval (mc_estimate_expected_utility) = -0.227953
smdents_entropy_temp_visits_scale = 59.7286
smbts_search_temp_decay_visits_scale = 29.7909
smbts_epsilon = 0.0566566
smbts_search_temp = 22.2169
smdents_entropy_temp_init = 87.4624
smbts_use_search_temp_decay = 0
sm_split_visit_thresh = 42
sm_l_inf_thresh = 0.24825
