env_id,alg_id,search_runtime,max_trial_length,rollouts_per_mc_eval,num_repeats,num_threads
four-room-timed-v0,czt,20,50,1024,5,16

hp_opt_iter,czt_bias,czt_ball_split_visit_thresh,eval(mc_estimate_expected_utility),best_eval_so_far
MIN,0.01,1,MIN
MAX,100,100,MAX
0,34.3407,53,-12.2721,-12.2721
1,65.6688,22,-12.1238,-12.1238
2,96.8975,30,-12.5308,-12.1238
3,18.6144,5,-12.4288,-12.1238
4,55.4172,77,-12.383,-12.1238
5,24.1237,82,-12.4159,-12.1238
6,72.3546,97,-12.2399,-12.1238
7,5.80139,67,-12.5394,-12.1238
8,43.0045,41,-12.2267,-12.1238
9,86.0305,13,-12.4771,-12.1238
10,65.2366,1,-12.3177,-12.1238
11,47.1081,1,-12.3762,-12.1238
12,67.1419,99,-12.2759,-12.1238
13,71.8484,1,-12.3804,-12.1238
14,39.517,99,-12.3436,-12.1238
15,60.8483,99,-12.5404,-12.1238
16,34.7908,1,-12.327,-12.1238
17,77.027,99,-12.6098,-12.1238
18,52.4195,1,-12.1965,-12.1238
19,44.146,1,-12.5541,-12.1238
20,66.0714,38,-12.5051,-12.1238
21,51.8819,1,-12.5248,-12.1238
22,42.3562,23,-12.3941,-12.1238
23,73.0672,99,-12.2599,-12.1238
24,68.0103,99,-12.2404,-12.1238
25,91.398,21,-12.401,-12.1238
26,12.3757,23,-12.4172,-12.1238
27,81.6657,99,-12.2436,-12.1238
28,82.3918,99,-12.4518,-12.1238
29,33.4977,89,-12.4583,-12.1238
30,65.6389,21,-12.4555,-12.1238
31,65.9301,22,-12.5694,-12.1238
32,69.5623,59,-12.5417,-12.1238
33,65.8061,25,-12.3838,-12.1238
34,65.0353,8,-12.4524,-12.1238
35,65.7121,5,-12.6921,-12.1238
36,40.0041,99,-12.24,-12.1238
37,40.1804,96,-12.5158,-12.1238
38,72.6691,98,-12.1841,-12.1238
39,72.6302,93,-12.2896,-12.1238
40,72.3405,93,-12.3398,-12.1238
41,65.5624,23,-12.2867,-12.1238
42,66.0058,23,-12.4027,-12.1238
43,65.1012,22,-12.37,-12.1238
44,35.334,50,-12.3713,-12.1238
45,34.8763,54,-12.6778,-12.1238
46,44.6966,35,-12.1553,-12.1238
47,50.005,72,-12.3057,-12.1238
48,72.4644,99,-12.5386,-12.1238
49,72.765,96,-12.4694,-12.1238
50,50.005,78,-12.2904,-12.1238
51,0.01,99,-12.071,-12.071
52,0.01,99,-12.13,-12.071
53,0.01,99,-12.2775,-12.071
54,41.9493,48,-12.1251,-12.071
55,0.01,99,-12.327,-12.071
56,0.01,99,-12.1161,-12.071
57,0.01,99,-12.2171,-12.071
58,0.0199352,99,-12.2191,-12.071
59,0.01,99,-12.144,-12.071
60,0.01,99,-12.3912,-12.071
61,0.01,99,-12.1404,-12.071
62,41.8368,48,-12.2107,-12.071
63,41.8981,48,-12.5659,-12.071
64,42.043,48,-12.3492,-12.071
65,0.253281,99,-12.2292,-12.071
66,0.0529235,99,-12.2792,-12.071
67,41.6514,48,-12.475,-12.071
68,0.353428,99,-12.0818,-12.071
69,0.460782,99,-12.3309,-12.071
70,0.318478,99,-12.2954,-12.071
71,0.208639,99,-12.4107,-12.071
72,0.153523,99,-12.132,-12.071
73,0.404261,99,-12.4066,-12.071
74,0.01,99,-12.2592,-12.071
75,0.01,99,-12.1222,-12.071
76,62.0891,5,-12.2766,-12.071
77,0.01,99,-12.3437,-12.071
78,42.5034,48,-12.1686,-12.071
79,1.14103,99,-12.4087,-12.071
80,46.3017,50,-12.5006,-12.071
81,62.1029,6,-12.2692,-12.071
82,62.5592,6,-12.4815,-12.071
83,3.17972,3,-12.3898,-12.071
84,0.01,1,-12.2675,-12.071
85,0.01,2,-12.038,-12.038
86,0.0362065,1,-12.6088,-12.038
87,0.0241432,1,-12.5243,-12.038
88,100,99,-12.5446,-12.038
89,0.01,1,-12.2877,-12.038
90,0.0166066,1,-12.2943,-12.038
91,0.0114128,1,-12.4206,-12.038
92,100,99,-12.6177,-12.038
93,0.013043,1,-12.5028,-12.038
94,100,1,-12.4241,-12.038
95,0.01,1,-12.7139,-12.038
96,100,99,-12.448,-12.038
97,100,1,-12.3599,-12.038
98,29.3811,38,-12.4999,-12.038
99,100,2,-12.5194,-12.038
100,0.01,99,-12.3013,-12.038
101,0.01,99,-12.3758,-12.038
102,100,99,-12.4152,-12.038
103,0.01,99,-12.1707,-12.038
104,0.01,99,-12.0467,-12.038
105,0.01,99,-12.4585,-12.038
106,0.01,99,-12.3044,-12.038
107,0.01,99,-12.4917,-12.038
108,0.01,1,-12.3792,-12.038
109,0.01,99,-12.349,-12.038
110,0.01,1,-12.612,-12.038
111,100,1,-12.4256,-12.038
112,0.01,99,-12.3123,-12.038
113,0.01,99,-12.2216,-12.038
114,0.01,99,-12.0924,-12.038
115,0.01,99,-12.053,-12.038
116,0.01,99,-11.9873,-11.9873
117,0.01,1,-12.4649,-11.9873
118,0.01,99,-12.2435,-11.9873
119,0.01,45,-12.4486,-11.9873
120,63.0065,40,-12.2769,-11.9873
121,0.0103477,99,-12.0913,-11.9873
122,0.01,99,-12.2807,-11.9873
123,0.0269352,99,-12.0981,-11.9873
124,0.0120872,99,-12.1183,-11.9873
125,5.565,50,-12.2082,-11.9873
126,5.565,50,-12.4583,-11.9873
127,0.01,99,-12.1794,-11.9873
128,5.565,50,-12.1431,-11.9873
129,5.565,50,-12.1664,-11.9873
130,0.01,99,-12.3883,-11.9873
131,5.565,50,-12.4918,-11.9873
132,99.9837,1,-12.3611,-11.9873
133,99.9837,1,-12.3572,-11.9873
134,100,99,-12.3824,-11.9873
135,100,99,-12.5085,-11.9873
136,5.565,50,-12.0385,-11.9873
137,0.0120921,99,-12.5039,-11.9873
138,0.608997,53,-12.3327,-11.9873
139,99.9837,1,-12.2411,-11.9873
140,100,1,-12.4735,-11.9873
141,100,53,-12.1667,-11.9873
142,64.946,28,-12.3017,-11.9873
143,0.01,56,-12.3422,-11.9873
144,100,53,-12.2528,-11.9873
145,100,53,-12.397,-11.9873
146,0.01,52,-12.3361,-11.9873
147,0.01,1,-12.4357,-11.9873
148,100,99,-12.53,-11.9873
149,0.01,99,-12.169,-11.9873
150,0.01,99,-12.0818,-11.9873
151,0.01,99,-12.2457,-11.9873
152,0.880166,57,-12.3225,-11.9873
153,0.1861,60,-12.8369,-11.9873
154,99.9837,1,-12.5762,-11.9873
155,100,99,-12.3234,-11.9873
156,38.9359,99,-12.3743,-11.9873
157,100,53,-12.2493,-11.9873
158,38.9359,99,-12.4522,-11.9873
159,100,1,-12.289,-11.9873
160,100,53,-12.2879,-11.9873
161,99.9837,1,-12.2259,-11.9873
162,100,53,-12.314,-11.9873
163,0.01,99,-12.2713,-11.9873
164,46.9404,12,-12.3225,-11.9873
165,0.01,99,-12.1964,-11.9873
166,0.01,99,-12.049,-11.9873
167,49.8673,79,-12.3663,-11.9873
168,61.6132,6,-12.1944,-11.9873
169,61.2992,5,-12.2908,-11.9873
170,46.3017,12,-12.611,-11.9873
171,72.09,94,-12.3743,-11.9873
172,50.386,82,-12.2095,-11.9873
