env_id,alg_id,search_runtime,max_trial_length,rollouts_per_mc_eval,num_repeats,num_threads
four-room-timed-v0,chmcts,20,50,1024,5,16

hp_opt_iter,czt_bias,czt_ball_split_visit_thresh,eval(mc_estimate_expected_utility),best_eval_so_far
MIN,0.01,1,MIN
MAX,100,100,MAX
0,19.5321,17,-11.9177,-11.9177
1,32.1306,64,-11.5672,-11.5672
2,7.88449,57,-12.1727,-11.5672
3,43.2822,96,-11.8319,-11.5672
4,58.8772,74,-12.1731,-11.5672
5,91.5635,86,-12.1612,-11.5672
6,88.6218,21,-11.9883,-11.5672
7,24.2748,6,-11.9739,-11.5672
8,76.0005,36,-12.081,-11.5672
9,62.0534,40,-11.4368,-11.4368
10,60.4614,37,-11.3759,-11.3759
11,61.1003,34,-11.8714,-11.3759
12,59.947,45,-12.0704,-11.3759
13,34.1267,73,-11.7216,-11.3759
14,35.6282,57,-11.8995,-11.3759
15,27.7026,68,-11.9404,-11.3759
16,55.4355,31,-12.2854,-11.3759
17,40.4345,75,-12.0996,-11.3759
18,28.6943,51,-11.9389,-11.3759
19,30.6029,88,-11.8643,-11.3759
20,61.9417,39,-11.7231,-11.3759
21,59.1481,39,-10.7775,-10.7775
22,57.2971,39,-11.768,-10.7775
23,100,55,-11.9574,-10.7775
24,0.01,99,-11.3361,-10.7775
25,1.16962,95,-11.1686,-10.7775
26,3.71092,97,-11.8041,-10.7775
27,0.370411,92,-10.8039,-10.7775
28,0.0191133,92,-10.6486,-10.6486
29,0.01,91,-10.7138,-10.6486
30,0.0100135,93,-10.8167,-10.6486
31,0.0195125,90,-8.42312,-8.42312
32,0.0216367,86,-9.48017,-8.42312
33,0.026355,84,-11.2436,-8.42312
34,16.8747,95,-11.7587,-8.42312
35,83.335,61,-11.6656,-8.42312
36,0.0146997,88,-9.71404,-8.42312
37,16.675,39,-10.5748,-8.42312
38,17.9094,46,-11.5703,-8.42312
39,75.0025,97,-11.9832,-8.42312
40,100,1,-11.8607,-8.42312
41,60.0816,1,-11.7619,-8.42312
42,0.0210266,75,-9.96183,-8.42312
43,11.3257,79,-11.6885,-8.42312
44,65.8035,12,-11.7517,-8.42312
45,46.3017,21,-11.6523,-8.42312
46,61.115,83,-11.6542,-8.42312
47,97.5025,71,-11.5497,-8.42312
48,95.8337,46,-11.4553,-8.42312
49,69.7656,56,-11.9947,-8.42312
50,0.0281291,99,-9.67965,-8.42312
51,81.7212,2,-11.8683,-8.42312
52,0.01,2,-10.6021,-8.42312
53,0.01,2,-12.0414,-8.42312
54,0.01,14,-9.92015,-8.42312
55,0.01,1,-10.8788,-8.42312
56,0.01,1,-11.5171,-8.42312
57,0.01,1,-11.5284,-8.42312
58,100,1,-11.9354,-8.42312
59,0.01,1,-11.8951,-8.42312
60,26.6047,1,-11.9013,-8.42312
61,100,99,-11.8102,-8.42312
62,77.8004,99,-11.5101,-8.42312
63,0.0110713,99,-10.564,-8.42312
64,15.5532,99,-12.1603,-8.42312
65,100,99,-12.0164,-8.42312
66,50.005,98,-11.4468,-8.42312
67,81.3818,1,-11.6858,-8.42312
68,37.3712,1,-11.6282,-8.42312
69,0.01,1,-10.2593,-8.42312
70,45.9291,3,-11.9974,-8.42312
71,84.0498,99,-12.2428,-8.42312
72,0.0614766,99,-11.1658,-8.42312
73,50.005,98,-10.2525,-8.42312
74,15.5532,99,-11.7342,-8.42312
75,50.005,98,-12.0098,-8.42312
76,0.01,1,-12.2057,-8.42312
77,10.9958,3,-11.5343,-8.42312
78,100,1,-11.6061,-8.42312
79,74.4971,2,-11.5946,-8.42312
80,45.9443,3,-11.7294,-8.42312
81,12.5087,1,-11.1489,-8.42312
82,89.0721,1,-11.995,-8.42312
83,0.195703,99,-8.50594,-8.42312
84,0.0919549,99,-9.12205,-8.42312
85,0.100804,99,-10.3595,-8.42312
86,0.0376918,99,-8.03125,-8.03125
87,0.01,99,-10.8545,-8.03125
88,15.3113,1,-12.4574,-8.03125
89,100,2,-11.8815,-8.03125
90,45.8785,2,-11.9853,-8.03125
91,68.4264,99,-11.0185,-8.03125
92,68.4264,99,-11.8851,-8.03125
93,88.321,99,-11.9492,-8.03125
94,28.0018,99,-11.3387,-8.03125
95,50.005,98,-11.5991,-8.03125
96,76.8886,3,-12.0691,-8.03125
97,39.8803,2,-11.9392,-8.03125
98,9.2949,99,-10.4083,-8.03125
99,21.7768,99,-12.1966,-8.03125
100,100,99,-11.7712,-8.03125
101,62.177,99,-11.747,-8.03125
102,0.01,99,-11.0936,-8.03125
103,77.8004,99,-11.3918,-8.03125
104,40.3042,99,-11.1803,-8.03125
105,71.0193,1,-11.7191,-8.03125
106,31.6261,1,-12.0467,-8.03125
107,40.3042,99,-11.4827,-8.03125
108,0.01,99,-10.885,-8.03125
109,0.01,99,-10.3482,-8.03125
110,100,1,-11.8306,-8.03125
111,87.5015,1,-12.0401,-8.03125
112,0.01,1,-10.9447,-8.03125
113,0.01,1,-11.4314,-8.03125
114,12.5087,1,-11.577,-8.03125
115,0.01,99,-10.7661,-8.03125
116,50.005,6,-11.847,-8.03125
117,100,99,-11.6549,-8.03125
118,15.5532,99,-11.6456,-8.03125
119,59.0523,99,-12.2612,-8.03125
120,84.0498,99,-11.9921,-8.03125
121,27.9921,99,-12.086,-8.03125
122,71.5511,99,-12.0951,-8.03125
123,50.005,98,-11.8665,-8.03125
124,32.1201,1,-11.9599,-8.03125
125,67.8773,1,-11.3775,-8.03125
126,0.01,1,-11.5744,-8.03125
127,0.01,99,-9.14925,-8.03125
128,52.254,1,-11.4411,-8.03125
129,100,1,-11.3364,-8.03125
130,82.791,1,-11.9977,-8.03125
131,0.01,99,-11.3297,-8.03125
132,21.9135,1,-11.7746,-8.03125
133,12.5087,1,-12.0471,-8.03125
134,100,1,-12.0432,-8.03125
135,68.9252,6,-11.9573,-8.03125
136,37.1136,1,-11.3002,-8.03125
137,100,99,-12.1623,-8.03125
138,11.1404,99,-11.4996,-8.03125
139,68.4264,99,-12.0507,-8.03125
140,0.01,99,-10.4937,-8.03125
141,54.3831,5,-11.9927,-8.03125
142,88.4376,99,-11.9141,-8.03125
143,11.1404,99,-11.1693,-8.03125
144,38.9359,99,-11.7214,-8.03125
145,27.8054,99,-11.3867,-8.03125
146,52.8029,99,-12.0678,-8.03125
147,82.791,1,-11.8667,-8.03125
148,28.9922,1,-10.8641,-8.03125
149,0.01,1,-11.9727,-8.03125
150,0.0108194,99,-9.6811,-8.03125
151,38.3917,1,-11.6891,-8.03125
152,19.611,1,-11.3744,-8.03125
153,84.0498,99,-11.7444,-8.03125
154,100,1,-11.8576,-8.03125
155,100,1,-11.5629,-8.03125
156,63.4033,1,-11.8604,-8.03125
157,0.01,99,-9.92797,-8.03125
158,0.01,99,-11.2267,-8.03125
159,13.4671,1,-12.2996,-8.03125
160,55.3203,2,-11.8697,-8.03125
161,9.21405,99,-12.0314,-8.03125
162,100,99,-11.9901,-8.03125
163,34.0548,99,-12.0854,-8.03125
164,65.3017,99,-11.5799,-8.03125
165,46.5536,99,-11.6852,-8.03125
166,77.8004,99,-11.8984,-8.03125
167,70.9838,1,-11.5089,-8.03125
168,88.5578,3,-12.1879,-8.03125
169,33.1531,1,-11.8724,-8.03125
170,51.912,1,-11.3588,-8.03125
171,11.1404,99,-11.5115,-8.03125
172,59.0523,99,-12.2536,-8.03125
173,71.5511,99,-12.339,-8.03125
174,100,99,-11.9674,-8.03125
175,88.4376,99,-12.2418,-8.03125
176,23.6392,99,-12.0307,-8.03125
177,38.9359,99,-12.0312,-8.03125
178,76.8861,3,-11.2822,-8.03125
179,25.2416,2,-11.8537,-8.03125
180,42.3627,1,-11.0501,-8.03125
181,25.7768,79,-10.6375,-8.03125
182,46.6277,2,-11.8882,-8.03125
183,65.1612,2,-11.3664,-8.03125
184,70.9099,1,-11.7077,-8.03125
185,8.01575,99,-10.9742,-8.03125
186,7.26676,99,-12.1336,-8.03125
187,38.9359,99,-11.8223,-8.03125
188,60.1555,1,-12.0216,-8.03125
189,91.6646,5,-12.1003,-8.03125
190,26.4371,99,-11.9722,-8.03125
191,47.7614,99,-11.9337,-8.03125
192,59.0523,99,-11.938,-8.03125
193,77.8004,99,-12.2181,-8.03125
194,7.10528,1,-11.9978,-8.03125
195,76.8876,3,-11.378,-8.03125
196,22.7587,1,-11.3548,-8.03125
197,0.01,99,-10.3634,-8.03125
198,38.895,17,-11.9386,-8.03125
199,0.01,99,-10.9787,-8.03125
200,0.01,99,-11.2216,-8.03125

Best eval with params:
eval (mc_estimate_expected_utility) = -8.03125
czt_ball_split_visit_thresh = 99
czt_bias = 0.0376918
