env_id,alg_id,search_runtime,max_trial_length,rollouts_per_mc_eval,num_repeats,num_threads
minecart-deterministic-v0,czt,20,50,1024,5,16

hp_opt_iter,czt_bias,czt_ball_split_visit_thresh,eval(mc_estimate_expected_utility),best_eval_so_far
MIN,0.01,1,MIN
MAX,100,100,MAX
0,91.8021,5,-1.08547,-1.08547
1,28.0308,70,-1.06528,-1.06528
2,40.3015,69,-1.09341,-1.06528
3,86.1087,29,-1.08586,-1.06528
4,73.3874,36,-1.08802,-1.06528
5,31.7303,85,-1.07956,-1.06528
6,13.8844,14,-1.09745,-1.06528
7,3.00138,59,-1.07991,-1.06528
8,53.6253,42,-1.0837,-1.06528
9,62.6479,96,-1.10312,-1.06528
10,26.3198,26,-1.09773,-1.06528
11,0.01,99,-0.8204,-0.8204
12,0.01,99,-0.852317,-0.8204
13,47.0856,99,-1.1041,-0.8204
14,0.01,99,-0.862101,-0.8204
15,0.01,99,-0.831803,-0.8204
16,100,99,-1.10307,-0.8204
17,79.7841,99,-1.06319,-0.8204
18,0.01,99,-0.842969,-0.8204
19,0.01,99,-0.915761,-0.8204
20,8.0107,99,-1.08351,-0.8204
21,0.0204611,87,-0.885959,-0.8204
22,0.0184362,87,-0.851945,-0.8204
23,0.018093,88,-0.855928,-0.8204
24,0.017386,88,-0.922727,-0.8204
25,0.01,99,-0.860241,-0.8204
26,0.01,99,-0.901942,-0.8204
27,52.7255,1,-1.09449,-0.8204
28,99.9958,61,-1.06983,-0.8204
29,0.0156375,86,-0.921642,-0.8204
30,95.7886,95,-1.10266,-0.8204
31,0.675252,99,-1.04289,-0.8204
32,20.9961,60,-1.09881,-0.8204
33,0.670139,99,-1.04807,-0.8204
34,82.7756,98,-1.09364,-0.8204
35,17.419,99,-1.0962,-0.8204
36,43.6096,98,-1.09944,-0.8204
37,57.9963,98,-1.0734,-0.8204
38,49.9802,98,-1.09147,-0.8204
39,35.8491,18,-1.0851,-0.8204
40,29.8202,22,-1.10486,-0.8204
41,0.159546,1,-1.03435,-0.8204
42,0.01,1,-1.05548,-0.8204
43,5.48302,15,-1.08541,-0.8204
44,0.224358,99,-0.907834,-0.8204
45,0.206322,99,-0.935844,-0.8204
46,4.18372,17,-1.05635,-0.8204
47,11.2067,16,-1.08968,-0.8204
48,9.65668,11,-1.07196,-0.8204
49,23.6027,17,-1.08214,-0.8204
50,18.8145,17,-1.0881,-0.8204
51,0.170107,99,-0.919476,-0.8204
52,0.19297,99,-0.939314,-0.8204
53,0.01,99,-0.88281,-0.8204
54,1.61812,51,-1.07919,-0.8204
55,0.01,99,-0.909797,-0.8204
56,16.675,17,-1.08417,-0.8204
57,71.1961,14,-1.09133,-0.8204
58,77.4525,14,-1.05495,-0.8204
59,83.335,17,-1.0586,-0.8204
60,61.115,17,-1.07602,-0.8204
61,38.895,17,-1.06554,-0.8204
62,75.0025,6,-1.07085,-0.8204
63,37.8968,5,-1.07713,-0.8204
64,56.2087,6,-1.08433,-0.8204
65,49.1896,7,-1.07952,-0.8204
66,44.7583,6,-1.08973,-0.8204
67,47.8058,6,-1.05324,-0.8204
68,0.01,99,-0.874775,-0.8204
69,50.005,6,-1.09175,-0.8204
70,59.0523,99,-1.11388,-0.8204
71,90.2992,99,-1.08222,-0.8204
72,84.0498,99,-1.09244,-0.8204
73,77.8004,99,-1.08456,-0.8204
74,71.5511,99,-1.08534,-0.8204
75,88.7725,98,-1.08457,-0.8204
76,68.0362,13,-1.08944,-0.8204
77,88.7674,98,-1.08164,-0.8204
78,83.335,95,-1.09916,-0.8204
79,66.2937,99,-1.08919,-0.8204
80,41.3218,98,-1.09393,-0.8204
81,23.0243,96,-1.06995,-0.8204
82,29.1738,95,-1.08489,-0.8204
83,6.45341,99,-1.08999,-0.8204
84,4.89107,99,-1.07286,-0.8204
85,15.7248,99,-1.07174,-0.8204
86,21.9223,99,-1.12494,-0.8204
87,14.6079,99,-1.06281,-0.8204
88,11.6387,99,-1.10923,-0.8204
89,13.683,96,-1.05322,-0.8204
90,0.01,99,-0.897926,-0.8204
91,16.675,95,-1.07876,-0.8204
92,76.3906,50,-1.09387,-0.8204
93,64.2947,50,-1.09962,-0.8204
94,33.9779,95,-1.08608,-0.8204
95,45.6465,99,-1.06314,-0.8204
96,70.5206,99,-1.09895,-0.8204
97,51.4792,79,-1.0731,-0.8204
98,5.89658,34,-1.08352,-0.8204
99,51.4763,79,-1.09211,-0.8204
100,68.7212,71,-1.09039,-0.8204
101,79.0492,90,-1.07276,-0.8204
102,0.01,60,-0.894325,-0.8204
103,65.516,84,-1.0787,-0.8204
104,69.8268,77,-1.08214,-0.8204
105,48.2541,99,-1.07074,-0.8204
106,98.0523,98,-1.09996,-0.8204
107,85.3475,99,-1.06156,-0.8204
108,72.6993,92,-1.06849,-0.8204
109,0.01,99,-0.871337,-0.8204
110,63.8925,75,-1.07306,-0.8204
111,38.895,99,-1.09023,-0.8204
112,36.1175,99,-1.07321,-0.8204
113,61.115,99,-1.07827,-0.8204
114,46.3017,50,-1.09319,-0.8204
115,81.442,98,-1.09459,-0.8204
116,75.597,99,-1.09924,-0.8204
117,94.3427,99,-1.06733,-0.8204
118,88.0958,97,-1.11127,-0.8204
119,0.342543,99,-0.994464,-0.8204
120,79.7178,33,-1.08186,-0.8204
121,75.0025,78,-1.07628,-0.8204
122,7.33143,36,-1.09916,-0.8204
123,37.112,25,-1.07248,-0.8204
124,32.329,36,-1.0889,-0.8204
125,96.6704,33,-1.07839,-0.8204
126,80.844,31,-1.09201,-0.8204
127,87.6806,41,-1.05978,-0.8204
128,78.7058,50,-1.07806,-0.8204
129,0.01,63,-0.906466,-0.8204
130,3.71333,99,-1.06484,-0.8204
131,0.31753,99,-0.9856,-0.8204
132,28.7108,99,-1.07271,-0.8204
133,0.01,99,-0.914792,-0.8204
134,53.7083,99,-1.08045,-0.8204
135,55.6534,16,-1.06234,-0.8204
136,43.8281,20,-1.09482,-0.8204
137,43.2248,51,-1.07318,-0.8204
138,41.167,45,-1.09474,-0.8204
139,60.4705,48,-1.08865,-0.8204
140,0.109615,99,-0.906705,-0.8204
141,0.01,99,-0.899444,-0.8204
142,35.8017,76,-1.06803,-0.8204
143,56.0515,52,-1.08667,-0.8204
144,54.4622,68,-1.08146,-0.8204
145,48.8452,65,-1.09238,-0.8204
146,0.01,99,-0.906965,-0.8204
147,47.2658,59,-1.07522,-0.8204
148,0.122735,99,-0.901384,-0.8204
149,0.01,99,-0.893544,-0.8204
150,50.005,54,-1.08767,-0.8204
151,92.967,16,-1.07276,-0.8204
152,95.8337,17,-1.04999,-0.8204
153,93.7506,1,-1.08378,-0.8204
154,94.686,2,-1.0759,-0.8204
155,100,1,-1.08677,-0.8204
156,98.9664,22,-1.06084,-0.8204
157,98.9673,22,-1.08501,-0.8204
158,89.37,20,-1.06746,-0.8204
159,90.9865,22,-1.09795,-0.8204
160,93.9971,22,-1.10018,-0.8204
161,98.1306,21,-1.06627,-0.8204
162,96.6711,20,-1.09388,-0.8204
163,0.01,99,-0.861941,-0.8204
164,37.8265,39,-1.09861,-0.8204
165,95.8337,17,-1.09806,-0.8204
166,61.8878,8,-1.0802,-0.8204
167,74.389,8,-1.08413,-0.8204
168,72.6137,13,-1.07656,-0.8204
169,85.5884,3,-1.07051,-0.8204
170,84.343,1,-1.07906,-0.8204
171,81.2247,1,-1.10356,-0.8204
172,78.8664,13,-1.07503,-0.8204
173,88.5437,14,-1.04905,-0.8204
174,86.3588,16,-1.08684,-0.8204
175,81.9865,20,-1.06266,-0.8204
176,82.771,23,-1.07637,-0.8204
177,0.01,99,-0.893453,-0.8204
178,0.188993,99,-0.951306,-0.8204
179,0.01,99,-0.849767,-0.8204
180,0.01,99,-0.894802,-0.8204
181,81.9837,20,-1.09461,-0.8204
182,82.3414,16,-1.08354,-0.8204
183,0.125971,99,-0.892602,-0.8204
184,83.335,17,-1.08446,-0.8204
185,27.785,50,-1.07639,-0.8204
186,28.0844,24,-1.09219,-0.8204
187,52.7825,99,-1.08589,-0.8204
188,26.5695,99,-1.06901,-0.8204
189,27.1877,87,-1.07539,-0.8204
190,50.9297,99,-1.07952,-0.8204
191,19.8303,99,-1.06255,-0.8204
192,24.5668,99,-1.10923,-0.8204
193,25.9602,98,-1.08368,-0.8204
194,49.4034,64,-1.08949,-0.8204
195,40.0435,72,-1.07983,-0.8204
196,27.785,75,-1.07952,-0.8204
197,8.68969,97,-1.0878,-0.8204
198,10.7142,97,-1.09551,-0.8204
199,9.73125,99,-1.08845,-0.8204
200,4.52344,99,-1.07786,-0.8204
201,5.565,99,-1.06874,-0.8204
202,31.1689,28,-1.0909,-0.8204
203,33.5927,52,-1.08913,-0.8204
204,30.5434,67,-1.09392,-0.8204
205,29.1738,61,-1.06116,-0.8204
206,0.01,68,-0.958863,-0.8204
207,12.9462,3,-1.05516,-0.8204
208,89.2708,33,-1.08806,-0.8204

Best eval with params:
eval (mc_estimate_expected_utility) = -0.8204
czt_ball_split_visit_thresh = 99
czt_bias = 0.01
