env_id,alg_id,search_runtime,max_trial_length,rollouts_per_mc_eval,num_repeats,num_threads
minecart-deterministic-v0,chmcts,20,50,1024,5,16

hp_opt_iter,czt_bias,czt_ball_split_visit_thresh,eval(mc_estimate_expected_utility),best_eval_so_far
MIN,0.01,1,MIN
MAX,100,100,MAX
0,34.3208,23,-0.00600058,-0.00600058
1,6.54904,12,-0.0177213,-0.00600058
2,40.7211,58,0.0695806,0.0695806
3,87.229,39,0.0522467,0.0695806
4,14.5806,90,-0.00712141,0.0695806
5,23.2899,5,0.204197,0.204197
6,95.5731,61,-0.0238864,0.204197
7,58.0121,41,-0.00757037,0.204197
8,70.4729,82,0.0478845,0.204197
9,60.9603,72,0.0312085,0.204197
10,24.1175,1,0.0689426,0.204197
11,21.6883,8,0.0378333,0.204197
12,27.1084,13,0.093373,0.204197
13,46.6895,99,0.0963885,0.204197
14,50.3776,1,0.0130293,0.204197
15,79.1109,99,-0.0771566,0.204197
16,29.7423,14,-0.01461,0.204197
17,25.2354,12,-0.04466,0.204197
18,44.0487,9,0.140694,0.204197
19,43.1077,11,0.00922196,0.204197
20,23.1479,19,0.0165899,0.204197
21,23.6167,2,0.184927,0.204197
22,23.6171,2,0.0679303,0.204197
23,44.7298,8,0.0286601,0.204197
24,47.4272,6,0.088999,0.204197
25,85.698,18,0.0732404,0.204197
26,84.6824,18,0.0572558,0.204197
27,27.8654,99,0.131926,0.204197
28,83.1758,98,-0.0187809,0.204197
29,28.3112,1,0.140205,0.204197
30,8.8793,4,0.114615,0.204197
31,33.7969,51,0.0410151,0.204197
32,9.00307,4,0.0948698,0.204197
33,28.8874,4,0.0834531,0.204197
34,0.01,1,0.115885,0.204197
35,0.026562,63,0.109479,0.204197
36,0.0201943,69,0.0340529,0.204197
37,8.27829,58,-0.0572763,0.204197
38,99.9967,9,0.144182,0.204197
39,82.8428,9,0.054766,0.204197
40,99.9984,4,0.127702,0.204197
41,99.9981,28,0.0444077,0.204197
42,0.0194871,37,0.112203,0.204197
43,0.019664,43,0.0794532,0.204197
44,0.0201945,31,0.161641,0.204197
45,14.6515,32,0.0825991,0.204197
46,99.9979,48,-0.145766,0.204197
47,0.0201936,79,0.0319723,0.204197
48,99.998,76,0.0206185,0.204197
49,20.3885,38,-0.0074485,0.204197
50,0.0194865,28,0.174157,0.204197
51,44.9594,90,0.0779833,0.204197
52,31.5111,73,0.019532,0.204197
53,14.98,94,-0.039015,0.204197
54,0.0196477,26,0.0583976,0.204197
55,31.3924,73,-0.091256,0.204197
56,100,1,0.127184,0.204197
57,84.476,1,0.0848597,0.204197
58,99.9983,13,0.123417,0.204197
59,99.9979,7,0.0436134,0.204197
60,69.6913,27,0.0474064,0.204197
61,62.1137,59,-0.0293559,0.204197
62,0.01,1,0.0912786,0.204197
63,37.64,99,0.0475112,0.204197
64,64.224,15,-0.001727,0.204197
65,99.9979,88,-0.0925959,0.204197
66,57.6952,90,-0.0447555,0.204197
67,0.0193856,33,0.0803621,0.204197
68,0.0214515,22,-0.0135985,0.204197
69,0.019487,48,0.0856205,0.204197
70,99.9976,18,0.0490531,0.204197
71,71.5393,1,0.1649,0.204197
72,0.01,1,0.152425,0.204197
73,0.01,1,0.220951,0.220951
74,0.01,1,0.120382,0.220951
75,46.0317,39,0.0436692,0.220951
76,0.01,1,0.122225,0.220951
77,0.01,1,0.150495,0.220951
78,0.01,1,0.0914996,0.220951
79,0.0113414,1,0.0981501,0.220951
80,0.0594818,1,0.190076,0.220951
81,0.0425868,1,0.141423,0.220951
82,0.0137899,1,0.174053,0.220951
83,16.675,83,0.0262617,0.220951
84,0.205216,46,0.0913966,0.220951
85,0.01,34,0.0881144,0.220951
86,5.565,50,-0.0975077,0.220951
87,0.01,99,0.070498,0.220951
88,1.56102,67,-0.0317059,0.220951
89,0.0275469,1,0.156151,0.220951
90,16.675,83,-0.0248169,0.220951
91,100,71,-0.122644,0.220951
92,100,32,-0.0362814,0.220951
93,0.0353999,1,0.157693,0.220951
94,0.0127124,1,0.189418,0.220951
95,100,1,0.141371,0.220951
96,100,1,0.207344,0.220951
97,38.7944,63,-0.0868511,0.220951
98,0.0211159,1,0.16362,0.220951
99,100,23,-0.0412397,0.220951
100,0.0380396,1,0.0794015,0.220951
101,0.0128654,1,-0.0330107,0.220951
102,99.8231,40,-0.0246056,0.220951
103,100,99,0.150024,0.220951
104,100,99,-0.0872386,0.220951
105,100,1,0.166048,0.220951
106,100,1,0.17742,0.220951
107,100,1,0.15153,0.220951
108,100,1,0.200694,0.220951
109,100,1,0.089009,0.220951
110,100,1,0.152684,0.220951
111,100,1,0.216877,0.220951
112,100,1,0.187667,0.220951
113,100,1,0.0213949,0.220951
114,100,1,0.0564937,0.220951
115,99.9837,1,0.124928,0.220951
116,100,1,0.125142,0.220951
117,100,1,0.0858705,0.220951
118,100,1,0.0761845,0.220951
119,49.1564,97,0.137774,0.220951
120,100,1,0.193864,0.220951
121,99.9842,1,0.170468,0.220951
122,100,1,-0.0206544,0.220951
123,100,1,0.0613394,0.220951
124,0.030169,1,0.216856,0.220951
125,0.01,99,0.0750492,0.220951
126,0.01,99,0.182832,0.220951
127,0.01,99,0.0357919,0.220951
128,0.01,99,0.0669451,0.220951
129,0.901786,89,0.178004,0.220951
130,0.0159498,1,0.152462,0.220951
131,0.01,1,0.110154,0.220951
132,0.01,98,-0.0512006,0.220951
133,0.0189518,1,0.0711866,0.220951
134,0.01,87,0.134242,0.220951
135,0.0546576,1,0.170208,0.220951
136,0.0745198,1,0.0746754,0.220951
137,0.01,81,0.0488544,0.220951
138,0.01,36,0.0214018,0.220951
139,100,99,-0.00614962,0.220951
140,99.9837,1,0.110802,0.220951
141,93.6531,15,-0.04756,0.220951
142,0.0111427,1,0.161864,0.220951
143,0.0195108,1,0.0969153,0.220951
144,98.6112,50,0.0102037,0.220951
145,2.77064,29,0.0842292,0.220951
146,0.01,41,0.0277049,0.220951
147,0.01,21,0.0658332,0.220951
148,0.973092,99,0.0643863,0.220951
149,0.0334621,1,0.132055,0.220951
150,2.06718,77,-0.0871249,0.220951
151,0.0122256,1,0.129836,0.220951
152,0.01,24,0.139049,0.220951
153,0.01,11,0.185847,0.220951
154,0.0118921,1,0.16698,0.220951
155,0.01,10,0.12298,0.220951
156,53.2388,1,0.0715295,0.220951
157,0.01,1,0.130015,0.220951
158,0.01,1,0.195001,0.220951
159,0.0195844,1,0.153678,0.220951
160,53.1994,1,0.140848,0.220951
161,0.01,1,0.130474,0.220951
162,0.01,16,-0.0583343,0.220951
163,95.2884,47,-0.0262887,0.220951
164,0.01,1,0.209919,0.220951
165,0.01,1,0.193817,0.220951
166,0.01,1,0.195142,0.220951
167,0.01,16,0.0994998,0.220951
168,0.01,1,0.141089,0.220951
169,0.01,1,0.0244563,0.220951
170,0.01,1,0.232212,0.232212
171,0.01,14,0.119068,0.232212
172,0.01,14,0.121035,0.232212
173,57.935,1,0.111171,0.232212
174,56.95,1,0.218287,0.232212
175,56.9749,1,0.148701,0.232212
176,57.0918,1,0.138896,0.232212
177,0.01,16,0.090011,0.232212
178,0.0254938,1,0.165355,0.232212
179,0.0171325,1,0.181623,0.232212
180,0.01,16,0.17581,0.232212
181,52.8232,1,0.086257,0.232212
182,0.01,1,0.119365,0.232212
183,0.01,15,0.14886,0.232212
184,0.0149997,1,0.181882,0.232212
185,96.1688,60,0.11823,0.232212
186,0.01,1,0.187141,0.232212
187,0.021129,1,0.213142,0.232212
188,56.9064,1,0.11459,0.232212
189,55.3682,1,0.12735,0.232212
190,45.1792,1,0.200785,0.232212
191,50.3441,1,0.0472705,0.232212
192,50.3538,1,0.132986,0.232212
193,50.3608,1,0.198764,0.232212
194,0.0271715,1,0.139155,0.232212
195,50.3637,1,0.100525,0.232212
196,0.01,1,0.228999,0.232212
197,0.0241286,1,0.2312,0.232212
198,0.01,1,0.100301,0.232212
199,52.4899,1,0.133945,0.232212
200,0.01,1,0.203011,0.232212
201,0.01,1,0.185292,0.232212
202,0.0176253,1,0.13478,0.232212
203,0.01,16,0.153176,0.232212
204,0.01,1,0.183045,0.232212
205,0.01,1,0.107623,0.232212
206,0.01,19,0.176221,0.232212
207,30.8455,92,0.0495839,0.232212
208,0.01,16,0.0774706,0.232212

Best eval with params:
eval (mc_estimate_expected_utility) = 0.232212
czt_ball_split_visit_thresh = 1
czt_bias = 0.01
