env_id,alg_id,search_runtime,max_trial_length,rollouts_per_mc_eval,num_repeats,num_threads
deep-sea-treasure-v0,chmcts,20,50,1024,5,16

hp_opt_iter,czt_bias,czt_ball_split_visit_thresh,eval(mc_estimate_expected_utility),best_eval_so_far
MIN,0.01,5,MIN
MAX,100,100,MAX
0,60.6107,77,5.81657,5.81657
1,49.2111,68,5.87,5.87
2,70.9583,57,5.45131,5.87
3,25.2555,39,5.03017,5.87
4,4.58002,89,3.97873,5.87
5,39.6807,15,5.68928,5.87
6,81.3521,31,5.82233,5.87
7,13.4396,14,5.18324,5.87
8,90.1408,95,5.34179,5.87
9,53.2501,50,4.91187,5.87
10,100,5,5.557,5.87
11,100,5,5.15959,5.87
12,69.4562,5,5.82914,5.87
13,69.4603,5,5.26457,5.87
14,100,99,5.5412,5.87
15,72.8786,99,5.57919,5.87
16,100,99,5.10878,5.87
17,65.5511,5,5.16651,5.87
18,65.1444,99,5.11161,5.87
19,100,5,5.44479,5.87
20,78.954,5,5.36738,5.87
21,52.1859,5,5.56833,5.87
22,54.2641,99,4.96989,5.87
23,100,5,5.80627,5.87
24,100,5,4.77938,5.87
25,100,99,3.85216,5.87
26,52.8445,5,5.90934,5.90934
27,50.8091,5,5.97718,5.97718
28,47.5402,5,5.98578,5.98578
29,47.1487,5,5.41171,5.98578
30,56.3344,5,5.40161,5.98578
31,39.9009,5,5.59712,5.98578
32,63.4042,5,6.20663,6.20663
33,0.01,5,3.64896,6.20663
34,69.5283,5,5.66622,6.20663
35,69.4361,5,5.59601,6.20663
36,41.7308,99,5.06042,6.20663
37,69.1787,5,5.33771,6.20663
38,46.2585,5,5.06015,6.20663
39,77.2848,5,5.63452,6.20663
40,70.1236,99,5.75606,6.20663
41,42.4823,99,4.94148,6.20663
42,79.5633,5,5.75914,6.20663
43,74.0572,99,5.34432,6.20663
44,79.6724,5,5.19678,6.20663
45,58.3553,5,5.44655,6.20663
46,35.8966,5,4.92304,6.20663
47,68.4264,99,4.95166,6.20663
48,61.5164,5,5.37359,6.20663
49,86.1132,5,5.99519,6.20663
50,77.8004,99,5.96041,6.20663
51,81.8906,5,5.4775,6.20663
52,100,5,6.10193,6.20663
53,100,5,5.60863,6.20663
54,100,5,5.14726,6.20663
55,79.9188,5,5.1894,6.20663
56,53.3045,85,4.89797,6.20663
57,85.8734,5,5.34212,6.20663
58,64.4222,5,5.65214,6.20663
59,83.335,96,5.78979,6.20663
60,80.7204,5,5.4688,6.20663
61,83.335,96,5.84449,6.20663
62,81.7436,99,4.85089,6.20663
63,100,99,4.77796,6.20663
64,30.7651,99,5.84327,6.20663
65,30.7651,99,5.72059,6.20663
66,32.6865,99,5.88441,6.20663
67,27.9995,99,4.99715,6.20663
68,38.3724,5,5.65301,6.20663
69,38.3142,5,5.37388,6.20663
70,50.005,98,4.66696,6.20663
71,88.6278,5,4.91728,6.20663
72,27.5259,5,5.33632,6.20663
73,22.04,99,5.03184,6.20663
74,81.2328,99,5.45214,6.20663
75,28.6129,5,6.0707,6.20663
76,28.5454,5,5.87356,6.20663
77,28.6831,5,5.26588,6.20663
78,38.3819,5,5.31947,6.20663
79,88.514,5,5.7222,6.20663
80,82.4315,99,5.5339,6.20663
81,88.539,5,5.86424,6.20663
82,22.9528,5,5.64293,6.20663
83,33.2714,99,5.95228,6.20663
84,33.3171,99,5.04946,6.20663
85,21.1355,99,5.27425,6.20663
86,68.3682,27,4.38857,6.20663
87,21.0677,99,5.47714,6.20663
88,23.2113,5,4.94194,6.20663
89,88.4405,5,5.05965,6.20663
90,38.1676,5,4.81682,6.20663
91,86.0846,99,5.66974,6.20663
92,20.8602,99,5.20209,6.20663
93,86.4307,99,5.21368,6.20663
94,78.3683,5,5.83017,6.20663
95,55.3537,5,5.44382,6.20663
96,88.4995,5,4.68299,6.20663
97,33.3822,5,5.25831,6.20663
98,62.992,5,5.64397,6.20663
99,62.5633,5,4.74138,6.20663
100,13.5084,5,5.84188,6.20663
101,19.7211,5,5.71134,6.20663
102,17.2947,99,5.68912,6.20663
103,19.8451,5,5.15371,6.20663
104,34.1685,99,5.11596,6.20663
105,15.3929,99,5.70641,6.20663
106,21.333,99,5.9331,6.20663
107,15.0836,99,5.6856,6.20663
108,16.675,20,5.41505,6.20663
109,17.3898,99,5.66124,6.20663
110,0.01,5,3.38322,6.20663
111,75.8475,99,5.30462,6.20663
112,75.3594,5,5.44834,6.20663
113,15.9432,5,4.55445,6.20663
114,26.5362,99,5.46829,6.20663
115,93.7615,5,5.94841,6.20663
116,93.7084,5,5.24097,6.20663
117,46.6691,5,5.49576,6.20663
118,26.5366,99,5.14175,6.20663
119,91.8847,99,5.78381,6.20663
120,91.8849,99,4.17893,6.20663
121,57.4842,5,5.21238,6.20663
122,75.4936,8,5.2282,6.20663
123,47.5251,5,5.43284,6.20663
124,15.6765,99,5.05993,6.20663
125,61.4795,99,5.15705,6.20663
126,76.3522,8,5.04983,6.20663
127,90.964,5,5.5559,6.20663
128,39.1043,5,5.653,6.20663
129,30.1203,7,4.78928,6.20663
130,50.005,10,4.88936,6.20663
131,77.2146,99,5.35723,6.20663
132,77.8004,99,5.61383,6.20663
133,40.3042,99,5.60165,6.20663
134,62.177,99,5.30303,6.20663
135,77.8004,99,5.36082,6.20663
136,38.895,96,5.17892,6.20663
137,71.5511,99,5.06199,6.20663
138,82.9148,5,5.90608,6.20663
139,84.0216,5,5.55684,6.20663
140,90.9027,5,5.56868,6.20663
141,83.335,96,5.40376,6.20663
142,24.5157,99,5.91337,6.20663
143,42.72,73,4.38394,6.20663
144,23.9819,99,5.7269,6.20663
145,23.9842,99,5.39121,6.20663
