env_id,alg_id,search_runtime,max_trial_length,rollouts_per_mc_eval,num_repeats,num_threads
minecart-deterministic-v0,smbts,20,50,1024,5,16

hp_opt_iter,sm_l_inf_thresh,sm_split_visit_thresh,smbts_search_temp,smbts_epsilon,smbts_use_search_temp_decay,smbts_search_temp_decay_visits_scale,eval(mc_estimate_expected_utility),best_eval_so_far
MIN,0.0001,1,0.01,0.0001,0,0.01,MIN
MAX,0.5,100,100,0.5,1,100,MAX
0,0.415614,59,51.6922,0.208025,0,96.451,-0.631554,-0.631554
1,0.151409,85,89.8438,0.0803425,1,46.2625,-0.605677,-0.605677
2,0.0676269,37,26.9635,0.0167403,1,14.175,-0.644173,-0.605677
3,0.477774,26,17.4231,0.364621,1,4.83179,-0.649437,-0.605677
4,0.332627,73,30.5215,0.460289,0,59.2433,-0.62243,-0.605677
5,0.1232,61,99.2529,0.200027,0,72.9815,-0.617125,-0.605677
6,0.382301,94,60.9692,0.115875,1,29.8942,-0.549841,-0.549841
7,0.0466722,1,2.22336,0.417129,0,39.7418,-0.669413,-0.549841
8,0.261815,16,43.4415,0.347157,1,61.7644,-0.544238,-0.544238
9,0.215385,45,76.4818,0.289676,0,80.9621,-0.606533,-0.544238
10,0.301337,99,80.0918,0.000154894,1,0.0203832,-0.612643,-0.544238
11,0.290171,1,0.0185021,0.499989,1,99.9975,-0.50933,-0.50933
12,0.31746,1,0.0187787,0.49999,1,99.998,-0.541492,-0.50933
13,0.252515,1,0.0191693,0.499988,1,99.9972,-0.523622,-0.50933
14,0.254349,1,0.0190626,0.499988,1,99.9974,-0.542948,-0.50933
15,0.290691,99,0.0181939,0.49999,1,99.9981,-0.481999,-0.481999
16,0.326972,99,0.0185536,0.499989,1,99.998,-0.611062,-0.481999
17,0.21467,99,0.0284288,0.499626,1,99.9156,-0.548516,-0.481999
18,0.236816,1,0.0205637,0.499987,1,0.0225138,-0.495568,-0.481999
19,0.236977,1,0.0236419,0.499987,1,0.0264742,-0.547185,-0.481999
20,0.263934,99,99.999,0.499988,1,0.020839,-0.593664,-0.481999
21,0.27419,1,0.0184264,0.499993,1,0.0204577,-0.596804,-0.481999
22,0.244224,1,0.0206799,0.203506,1,99.9987,-0.517699,-0.481999
23,0.268383,1,0.0244092,0.000172932,1,99.9965,-0.270048,-0.270048
24,0.278229,1,0.0249988,0.000184431,1,99.9965,-0.221099,-0.221099
25,0.283464,1,0.0249276,0.000184636,0,99.9965,-0.421332,-0.221099
26,0.259957,99,0.0311615,0.000191365,1,0.0308117,-0.082627,-0.082627
27,0.240516,99,0.021734,0.000162853,0,0.0218104,-0.0726534,-0.0726534
28,0.23814,99,0.0200732,0.000149861,0,0.0203294,-0.313801,-0.0726534
29,0.27006,99,99.998,0.000141048,0,0.0201612,-0.614469,-0.0726534
30,0.499287,1,64.3266,0.499468,1,0.194071,-0.663254,-0.0726534
31,0.112594,42,19.6268,0.303421,0,1.34606,-0.609372,-0.0726534
32,0.499428,1,63.6377,0.499602,1,0.206205,-0.692371,-0.0726534
33,0.499995,99,6.03147,0.000180405,0,0.0108127,-0.62452,-0.0726534
34,0.000164579,99,0.01,0.0577024,1,98.5731,-0.493164,-0.0726534
35,0.00107487,1,49.1432,0.000438359,0,0.216553,-0.700195,-0.0726534
36,0.0001,99,0.01,0.0001,1,0.01,-0.0490756,-0.0490756
37,0.0001,99,0.01,0.0001,1,0.01,-0.102955,-0.0490756
38,0.000980928,1,84.0007,0.499941,0,0.211479,-0.740963,-0.0490756
39,0.000492576,99,47.8565,0.499996,0,99.9713,-0.633075,-0.0490756
40,0.400255,80,76.639,0.166113,1,13.0759,-0.653517,-0.0490756
41,0.46337,20,90.3614,0.305623,1,78.8042,-0.660021,-0.0490756
42,0.0666476,64,83.7884,0.221966,0,80.8688,-0.603797,-0.0490756
43,0.406908,51,73.7867,0.486207,1,16.4119,-0.584991,-0.0490756
44,0.384403,47,55.6129,0.411908,1,20.0078,-0.577834,-0.0490756
45,0.391197,14,50.6376,0.394834,1,53.0447,-0.593061,-0.0490756
46,0.331252,90,1.06133,0.0001,1,96.1108,-0.183333,-0.0490756
47,0.368008,78,0.834277,0.0161068,1,95.1029,0.0597195,0.0597195
48,0.287243,99,1.114,0.0193935,1,58.4011,-0.23879,0.0597195
49,0.389136,75,1.78411,0.0001,1,73.0668,-0.0690409,0.0597195
50,0.37807,71,1.96668,0.0173323,1,72.9738,-0.326646,0.0597195
51,0.5,99,0.01,0.0001,1,100,-0.0641177,0.0597195
52,0.5,99,0.01,0.0137421,1,100,-0.115473,0.0597195
53,0.177868,73,22.563,0.297252,1,71.3355,-0.522283,0.0597195
54,0.5,99,0.01,0.0110038,1,100,-0.0122869,0.0597195
55,0.5,99,0.01,0.0001,1,100,-0.110922,0.0597195
56,0.467932,99,0.01,0.0194263,1,94.7638,-0.00385398,0.0597195
57,0.5,99,0.01,0.0173779,1,94.5766,-0.304585,0.0597195
58,0.0001,99,0.01,0.0001,1,100,-0.164634,0.0597195
59,0.5,40,0.01,0.0256068,1,95.6748,-0.304213,0.0597195
60,0.0001,99,1.451,0.0001,1,96.4364,-0.114546,0.0597195
61,0.0001,99,0.01,0.0001,1,100,-0.102439,0.0597195
62,0.0001,99,0.01,0.0001,1,100,-0.16168,0.0597195
63,0.5,99,1.89272,0.0001,1,94.8052,-0.281352,0.0597195
64,0.253974,80,0.01,0.0149944,1,94.9629,-0.133232,0.0597195
65,0.340641,64,8.11886,0.169074,1,98.6522,-0.610797,0.0597195
66,0.394319,45,16.9221,0.0839137,1,74.9434,-0.510357,0.0597195
67,0.444794,98,36.4389,0.169152,1,70.1628,-0.599671,0.0597195
68,0.395266,98,44.2736,0.111678,1,75.0357,-0.594429,0.0597195
69,0.414297,95,29.1312,0.250049,1,77.3345,-0.574682,0.0597195
70,0.396508,99,20.9109,0.16641,1,79.8466,-0.603704,0.0597195
71,0.391997,50,83.0565,0.114299,0,79.7677,-0.683386,0.0597195
72,0.251306,78,0.755283,0.0001,1,95.0769,-0.135328,0.0597195
73,0.119418,80,0.740105,0.016444,1,95.2855,-0.269461,0.0597195
74,0.483194,80,0.620912,0.0001,1,95.1125,-0.0787242,0.0597195
75,0.0245326,33,21.0409,0.0704282,1,53.1962,-0.553257,0.0597195
76,0.483467,79,0.600825,0.0001,1,94.9974,-0.0914138,0.0597195
77,0.394662,95,74.9463,0.0833549,0,75.0025,-0.684234,0.0597195
78,0.394655,95,50.2511,0.0837721,1,75.0025,-0.643066,0.0597195
79,0.288199,94,0.710932,0.286385,1,72.6458,-0.613973,0.0597195
80,0.324375,96,10.5802,0.329791,1,76.8486,-0.552225,0.0597195
81,0.423549,95,13.8569,0.246849,1,67.4038,-0.549389,0.0597195
82,0.251367,24,63.8356,0.243274,1,14.9261,-0.619126,0.0597195
83,0.312557,29,44.8021,0.268636,1,16.5279,-0.618657,0.0597195
84,0.16016,16,26.6688,0.179919,1,73.0092,-0.575346,0.0597195
85,0.219152,15,22.1154,0.233392,1,75.1099,-0.519241,0.0597195
86,0.151083,5,7.83748,0.26219,1,72.9619,-0.592177,0.0597195
87,0.223407,16,14.6146,0.291419,1,78.3004,-0.58316,0.0597195
88,0.389044,8,37.534,0.000533679,1,9.57921,-0.5913,0.0597195
89,0.222202,6,66.1374,0.0259284,1,16.2658,-0.548276,0.0597195
90,0.177514,7,58.5144,0.0001,1,12.2722,-0.641802,0.0597195
91,0.144039,1,11.0868,0.102319,1,11.8374,-0.585903,0.0597195
92,0.221751,5,33.0382,0.07573,1,32.909,-0.607538,0.0597195
93,0.222942,11,43.0901,0.0122566,1,15.1268,-0.585791,0.0597195
94,0.229731,10,42.1951,0.182542,1,12.6291,-0.596026,0.0597195
95,0.185625,4,65.332,0.113681,1,7.31861,-0.595531,0.0597195
96,0.187948,8,55.9867,0.123323,1,14.3216,-0.594039,0.0597195
97,0.172539,21,21.9591,0.483684,1,94.1663,-0.60555,0.0597195
98,0.243048,4,58.0023,0.183357,1,11.2861,-0.589514,0.0597195
99,0.5,82,0.531817,0.00547196,1,95.0141,-0.152732,0.0597195
100,0.254495,8,47.8027,0.170704,1,12.9253,-0.575162,0.0597195
101,0.250087,12,69.3079,0.364709,1,16.6694,-0.601677,0.0597195
102,0.215272,12,56.6444,0.309953,1,16.0875,-0.612564,0.0597195
103,0.266121,23,77.5885,0.391992,1,11.1102,-0.592974,0.0597195
104,0.27407,25,82.6526,0.293502,1,14.8673,-0.595346,0.0597195
105,0.282497,24,70.5833,0.240193,1,19.4026,-0.577419,0.0597195
106,0.263135,14,50.4241,0.316306,1,15.0569,-0.590657,0.0597195
107,0.0706892,98,59.2463,0.222875,1,32.927,-0.621974,0.0597195
108,0.376854,79,1.28185,0.0381632,1,95.1799,-0.0584527,0.0597195
109,0.381651,80,1.23611,0.0405595,1,95.0349,-0.325261,0.0597195
110,0.482736,99,0.847385,0.0165215,1,95.1025,-0.290451,0.0597195
111,0.0735061,95,50.1033,0.256107,1,43.9788,-0.53922,0.0597195
112,0.0722835,99,10.9908,0.5,0,39.7909,-0.605789,0.0597195
113,0.250025,75,16.6391,0.47881,0,48.6136,-0.651603,0.0597195
114,0.381045,92,100,0.372348,0,92.6543,-0.615631,0.0597195
115,0.417912,99,53.4417,0.358444,0,99.4844,-0.588665,0.0597195
116,0.368475,78,0.854043,0.00454913,1,95.0905,-0.0474363,0.0597195
117,0.367494,78,0.967334,0.00458259,1,95.2072,-0.0939375,0.0597195
118,0.368448,78,0.809342,0.00456382,1,95.1503,-0.159614,0.0597195
119,0.0496415,18,92.3445,0.230676,1,65.4313,-0.562661,0.0597195
120,0.369812,78,0.638203,0.00464364,1,95.1299,-0.227909,0.0597195
121,0.367023,78,0.864,0.0153494,0,95.3515,-0.519742,0.0597195
122,0.368527,78,0.671181,0.00485023,1,94.9278,-0.0576253,0.0597195
123,0.368428,78,0.761671,0.00462622,1,95.1663,-0.178327,0.0597195
124,0.4143,75,29.1923,0.37487,0,75.0025,-0.630865,0.0597195
125,0.37442,30,0.01,0.127472,0,100,-0.579856,0.0597195
126,0.262217,52,0.173389,0.242119,0,72.1654,-0.516735,0.0597195
127,0.158373,96,30.471,0.179764,0,36.8025,-0.59798,0.0597195
128,0.370398,78,0.657009,0.0001,1,95.1631,-0.211756,0.0597195
129,0.394648,17,50.1738,0.270848,0,75.0025,-0.612004,0.0597195
130,0.211788,38,100,0.448945,0,93.2543,-0.558246,0.0597195
131,0.212603,43,68.6009,0.413959,0,75.8239,-0.603953,0.0597195
132,0.5,83,46.0216,0.5,0,11.7168,-0.597994,0.0597195
133,0.372335,78,0.674105,0.0001,1,95.0837,-0.0277282,0.0597195
134,0.373479,78,0.829773,0.0001,1,95.0603,-0.0176753,0.0597195
135,0.5,83,51.5807,0.113275,0,84.6063,-0.580435,0.0597195
136,0.478529,85,20.7509,0.2655,0,98.5834,-0.58991,0.0597195
137,0.373338,78,0.88502,0.0001,1,95.0914,-0.451302,0.0597195
138,0.375097,79,0.857529,0.0288767,1,95.1818,-0.0578508,0.0597195
139,0.5,79,0.731239,0.0163738,1,95.1142,-0.110197,0.0597195
140,0.370339,78,0.920455,0.0423724,1,95.3144,-0.387148,0.0597195
141,0.453451,5,87.2546,0.168878,1,73.5593,-0.559417,0.0597195
142,0.483915,79,1.03833,0.0001,1,95.0361,-0.0875397,0.0597195
143,0.368358,78,0.782226,0.0419341,1,95.1372,-0.461382,0.0597195
144,0.367511,78,0.850981,0.0001,1,94.9786,-0.0494092,0.0597195
145,0.401155,79,0.815573,0.0001,1,95.1328,-0.132904,0.0597195
146,0.41498,73,100,0.0815463,0,44.5854,-0.608162,0.0597195
147,0.420236,44,100,0.277582,0,3.51088,-0.62855,0.0597195
148,0.387895,79,0.89047,0.00516312,1,95.0607,0.00692773,0.0597195
149,0.3774,79,0.737134,0.00463261,1,95.0983,0.0145401,0.0597195
150,0.386956,79,0.795324,0.00505959,1,94.9422,-0.0248487,0.0597195
151,0.396649,79,0.827276,0.00544953,1,95.1732,-0.0973009,0.0597195
152,0.377385,78,0.761223,0.0047479,1,95.056,0.0158621,0.0597195
153,0.372876,78,0.669279,0.0046671,1,95.0665,-0.260332,0.0597195
154,0.484386,79,0.752812,0.0001,1,95.2383,-0.112649,0.0597195
155,0.485975,79,0.843905,0.0001,1,95.2355,-0.138441,0.0597195
156,0.250112,79,0.761748,0.0160855,1,95.3016,-0.1403,0.0597195
157,0.0959672,79,48.5198,0.416344,0,33.6985,-0.658257,0.0597195
158,0.0195234,69,74.0732,0.15734,0,42.5404,-0.575169,0.0597195
159,0.0001,96,0.01,0.0744923,0,19.4761,-0.453864,0.0597195
160,0.270927,32,24.1332,0.105268,0,74.6395,-0.594826,0.0597195
161,0.0318497,1,100,0.392154,1,85.9545,-0.625802,0.0597195
162,0.11907,79,0.753648,0.0152336,1,94.9251,-0.275114,0.0597195
163,0.469558,11,36.4536,0.218198,1,60.1384,-0.594959,0.0597195
164,0.5,99,100,0.5,0,0.01,-0.646046,0.0597195
165,0.437634,99,100,0.433269,1,4.83585,-0.601389,0.0597195
166,0.487935,1,100,0.0001,0,100,-0.602938,0.0597195
167,0.485708,79,0.812087,0.0172101,1,95.2151,-0.03625,0.0597195
168,0.486069,79,0.873581,0.0166207,1,95.0477,-0.0312737,0.0597195
169,0.485655,79,0.95636,0.0175387,1,95.1458,0.00890852,0.0597195
170,0.0472341,2,99.927,0.310619,0,81.9346,-0.622072,0.0597195
171,0.485665,79,0.871796,0.017566,1,95.2165,0.0296858,0.0597195
172,0.5,79,0.740714,0.0170817,1,94.8961,-0.305632,0.0597195
173,0.118408,79,0.62931,0.0163422,1,95.1572,-0.241467,0.0597195
174,0.0572095,85,68.225,0.350911,0,78.2968,-0.570998,0.0597195
175,0.0554125,97,99.7112,0.147118,0,44.2931,-0.617118,0.0597195
176,0.0686541,97,67.6852,0.245355,0,42.2206,-0.605672,0.0597195
177,0.0001,76,4.1751,0.0001,0,37.9295,-0.619781,0.0597195
178,0.00620945,98,65.0239,0.0085418,0,85.7164,-0.595289,0.0597195
179,0.10134,2,0.177329,0.192197,0,99.9304,-0.535101,0.0597195
180,0.0001,4,51.7613,0.158582,0,100,-0.62087,0.0597195
181,0.319569,95,41.0333,0.056235,0,50.2405,-0.609819,0.0597195
182,0.393417,99,0.01,0.349388,0,11.895,-0.522626,0.0597195
183,0.378447,96,34.8775,0.295783,0,8.53696,-0.542946,0.0597195
184,0.322138,99,0.01,0.393162,1,100,-0.592393,0.0597195
185,0.0378309,78,10.2881,0.419993,1,8.09053,-0.612018,0.0597195
186,0.232413,90,43.7707,0.494406,1,100,-0.574548,0.0597195
187,0.0403286,55,26.1359,0.235073,0,40.4271,-0.569568,0.0597195
188,0.0413772,99,100,0.447837,1,100,-0.582858,0.0597195
189,0.308361,99,72.9487,0.439689,1,100,-0.578862,0.0597195
190,0.0001,97,34.7773,0.408522,1,100,-0.60503,0.0597195
191,0.439922,99,0.01,0.5,0,75.2014,-0.512554,0.0597195
192,0.447146,59,0.01,0.421603,0,95.4004,-0.569862,0.0597195
193,0.0001,99,100,0.5,1,100,-0.605628,0.0597195
194,0.0476561,99,77.4683,0.5,1,100,-0.644515,0.0597195
195,0.5,79,0.742952,0.00397591,1,95.1786,-0.139095,0.0597195
196,0.5,78,0.761399,0.0220254,1,95.153,-0.276571,0.0597195
197,0.0869021,99,100,0.358108,0,6.17706,-0.566489,0.0597195
198,0.0931125,76,69.2289,0.499414,0,90.9365,-0.633174,0.0597195
199,0.486424,79,0.813405,0.0001,1,94.8746,-0.0449512,0.0597195
200,0.5,79,0.856654,0.00389786,1,95.0681,-0.0292902,0.0597195
201,0.5,79,0.804598,0.00410922,1,95.1134,-0.204283,0.0597195
202,0.118227,79,0.826748,0.015545,1,95.1136,-0.491814,0.0597195
203,0.0001,78,26.6923,0.5,1,79.5046,-0.552385,0.0597195
204,0.5,78,0.913957,0.0178448,1,95.0212,-0.0791223,0.0597195
205,0.5,77,0.774265,0.0213301,1,95.085,-0.110265,0.0597195
206,0.00465807,97,53.934,0.44885,1,100,-0.576596,0.0597195
207,0.363498,97,39.314,0.189926,0,18.288,-0.642903,0.0597195
208,0.00125007,98,59.1221,0.442669,1,98.6277,-0.562135,0.0597195

Best eval with params:
eval (mc_estimate_expected_utility) = 0.0597195
smbts_search_temp_decay_visits_scale = 95.1029
smbts_epsilon = 0.0161068
smbts_search_temp = 0.834277
smbts_use_search_temp_decay = 1
sm_split_visit_thresh = 78
sm_l_inf_thresh = 0.368008
