env_id,alg_id,search_runtime,max_trial_length,rollouts_per_mc_eval,num_repeats,num_threads
minecart-deterministic-v0,smdents,20,50,1024,5,16

hp_opt_iter,sm_l_inf_thresh,sm_split_visit_thresh,smbts_search_temp,smbts_epsilon,smbts_use_search_temp_decay,smbts_search_temp_decay_visits_scale,smdents_entropy_temp_init,smdents_entropy_temp_visits_scale,eval(mc_estimate_expected_utility),best_eval_so_far
MIN,0.0001,1,0.01,0.0001,0,0.01,0.001,0.01,MIN
MAX,0.5,100,100,0.5,1,100,100,100,MAX
0,0.205942,50,10.7595,0.199235,0,40.4269,76.941,76.7009,-0.609757,-0.609757
1,0.476566,70,55.0015,0.261342,0,57.6352,99.096,92.2666,-0.613083,-0.609757
2,0.365956,23,43.6351,0.238089,1,36.8193,11.4824,5.1538,-0.667537,-0.609757
3,0.322808,52,29.6186,0.144841,1,7.32522,62.6343,31.3043,-0.564674,-0.564674
4,0.112668,17,78.7797,0.429981,0,84.3832,53.2276,21.8583,-0.618568,-0.564674
5,0.0283707,34,86.4013,0.329345,0,73.3104,9.98462,45.4507,-0.638383,-0.564674
6,0.178332,4,33.059,0.0565087,1,63.7485,21.7585,59.1074,-0.600432,-0.564674
7,0.449952,90,61.4512,0.0291934,1,91.7798,80.4698,16.5223,-0.572963,-0.564674
8,0.0571339,85,92.4208,0.488687,1,15.4085,42.6698,86.6196,-0.574474,-0.564674
9,0.279844,73,7.83873,0.38271,0,23.2762,34.3087,69.8298,-0.539161,-0.539161
10,0.499987,79,0.022451,0.000154098,0,11.4768,7.92686,0.020904,-0.113787,-0.113787
11,0.499991,93,0.0209057,0.00014939,0,0.01,0.001,0.0187433,-0.311496,-0.113787
12,0.499997,81,0.0222709,0.000154978,1,99.9968,0.00826719,0.023493,-0.0366881,-0.0366881
13,0.499999,81,99.9979,0.000147542,1,99.9975,0.00660947,0.0206575,-0.613308,-0.0366881
14,0.499988,64,0.0163167,0.000148315,1,99.9978,0.0117779,0.0216462,-0.10628,-0.0366881
15,0.499996,64,0.0159304,0.000145305,1,99.9978,0.00764094,0.0210603,-0.0241857,-0.0241857
16,0.499998,66,0.0166339,0.000154377,0,99.9955,0.0103639,0.0192201,-0.0940768,-0.0241857
17,0.499995,62,0.0192646,0.000145921,1,99.9976,0.00740782,0.0209565,-0.124367,-0.0241857
18,0.499996,66,0.0201719,0.000133383,1,0.01,0.0105464,0.0155634,-0.0750826,-0.0241857
19,0.499993,66,0.0161558,0.000149349,1,0.0202382,0.0086122,0.0194251,-0.0537811,-0.0241857
20,0.286755,99,99.9972,0.000184871,1,0.0277494,99.9955,99.9959,-0.599147,-0.0241857
21,0.0001,99,0.01,0.5,1,100,0.001,0.01,-0.528455,-0.0241857
22,0.0001,99,39.8919,0.499801,0,0.185131,99.9652,99.9516,-0.624001,-0.0241857
23,0.5,1,100,0.5,0,0.01,0.001,100,-0.562686,-0.0241857
24,0.304645,1,80.5629,0.499993,0,99.8382,0.497567,0.689555,-0.620448,-0.0241857
25,0.0453291,94,57.6275,0.0575154,1,77.0158,57.1721,53.3361,-0.598185,-0.0241857
26,0.232874,98,57.3451,0.277284,1,80.7689,97.2688,78.8538,-0.554207,-0.0241857
27,0.5,99,80.2605,0.5,1,0.01,100,100,-0.603023,-0.0241857
28,0.381496,76,100,0.00523819,0,91.2955,90.011,78.4818,-0.527755,-0.0241857
29,0.169519,75,99.994,0.0322212,0,93.7112,40.4643,38.1582,-0.62121,-0.0241857
30,0.0001,1,0.01,0.0001,0,0.01,100,100,-0.710015,-0.0241857
31,0.337741,22,61.5812,0.258866,1,80.3627,82.9717,14.3755,-0.560324,-0.0241857
32,0.0001,1,0.01,0.0001,0,0.01,100,100,-0.485146,-0.0241857
33,0.0001,99,23.4088,0.0001,1,100,100,3.73404,-0.635257,-0.0241857
34,0.145957,1,0.01,0.5,0,100,0.001,100,-0.585179,-0.0241857
35,0.13214,1,59.7,0.0001,0,0.01,100,100,-0.691566,-0.0241857
36,0.23103,99,84.9772,0.5,1,0.01,100,77.721,-0.54148,-0.0241857
37,0.0001,39,0.01,0.5,0,100,0.001,100,-0.585116,-0.0241857
38,0.5,1,0.01,0.392071,1,100,0.001,0.01,-0.557334,-0.0241857
39,0.5,99,0.01,0.0001,1,55.5223,100,95.3945,-0.0616266,-0.0241857
40,0.5,99,0.01,0.0001,1,41.3707,0.001,100,-0.124706,-0.0241857
41,0.5,92,31.9865,0.5,1,93.1905,69.4049,85.9017,-0.595515,-0.0241857
42,0.499336,99,99.9285,0.249827,1,76.494,81.3956,61.2803,-0.634068,-0.0241857
43,0.00125563,8,59.3467,0.5,1,92.3806,62.9985,63.7813,-0.586366,-0.0241857
44,0.0001,99,15.6794,0.305262,1,89.3698,71.2277,30.322,-0.523224,-0.0241857
45,0.5,24,53.487,0.5,0,2.85137,50.4758,0.01,-0.55448,-0.0241857
46,0.000100137,79,48.5527,0.2785,0,47.0716,20.9948,77.2175,-0.632027,-0.0241857
47,0.0001,96,100,0.179183,1,15.1006,99.8247,100,-0.577882,-0.0241857
48,0.5,1,78.1852,0.104388,1,2.81244,2.53867,100,-0.658742,-0.0241857
49,0.211479,99,30.3528,0.499904,1,81.4746,0.0712234,97.7074,-0.556084,-0.0241857
50,0.290316,75,99.9984,0.358165,1,14.8303,81.7877,49.2827,-0.618118,-0.0241857
51,0.249209,75,49.7189,0.499737,1,0.789812,99.0175,31.7176,-0.60627,-0.0241857
52,0.207853,13,99.9603,0.225055,1,99.752,7.22759,99.6432,-0.570933,-0.0241857
53,0.46222,91,97.5066,0.403826,1,79.7224,86.5097,93.5833,-0.527448,-0.0241857
54,0.197402,97,99.8725,0.217072,0,99.8823,0.256951,54.0239,-0.587151,-0.0241857
55,0.5,37,0.01,0.0001,1,100,96.0408,14.9771,-0.0431087,-0.0241857
56,0.5,99,0.01,0.0001,1,100,98.2706,0.01,-0.0509504,-0.0241857
57,0.5,18,0.01,0.0001,1,100,82.1976,31.6187,-0.102039,-0.0241857
58,0.5,99,0.01,0.0001,1,100,96.0045,0.01,-0.146831,-0.0241857
59,0.5,2,0.01,0.0001,1,100,31.6662,70.2895,-0.295905,-0.0241857
60,0.5,99,0.01,0.0001,1,26.3868,100,0.01,-0.105302,-0.0241857
61,0.5,99,0.01,0.0001,1,100,100,0.01,-0.106103,-0.0241857
62,0.5,99,0.01,0.0001,1,100,2.64686,0.01,-0.104758,-0.0241857
63,0.5,99,0.01,0.0001,1,100,49.3145,82.8754,-0.0852882,-0.0241857
64,0.5,69,0.01,0.0001,1,17.4023,100,0.01,-0.184806,-0.0241857
65,0.5,99,0.01,0.0001,1,100,0.001,72.2017,-0.0767953,-0.0241857
66,0.5,99,0.01,0.0001,1,100,44.1545,91.321,-0.0943665,-0.0241857
67,0.5,99,0.01,0.0001,1,100,98.7583,84.3389,-0.103499,-0.0241857
68,0.5,99,0.01,0.0001,0,100,84.6868,0.01,-0.0307013,-0.0241857
69,0.5,99,0.01,0.0001,0,100,87.3381,32.1832,-0.0543208,-0.0241857
70,0.5,99,0.01,0.0001,0,100,80.7527,0.01,-0.121264,-0.0241857
71,0.5,99,0.01,0.0001,0,100,63.6602,82.9919,-0.0524124,-0.0241857
72,0.5,99,0.01,0.0539689,1,100,45.6559,19.1517,-0.197286,-0.0241857
73,0.5,76,0.01,0.0001,0,100,98.4187,78.1835,-0.204085,-0.0241857
74,0.5,99,0.01,0.0001,1,14.1506,55.8654,79.8342,-0.180261,-0.0241857
75,0.198959,31,96.2041,0.239693,0,84.8477,92.0984,47.0836,-0.57691,-0.0241857
76,0.5,99,7.55912,0.0001,1,100,34.2549,1.41171,-0.467044,-0.0241857
77,0.5,74,0.01,0.0001,1,0.01,99.0636,100,-0.122974,-0.0241857
78,0.40897,86,0.01,0.0001,1,86.0905,58.7283,48.1543,-0.0211049,-0.0211049
79,0.406576,87,0.01,0.0001,1,87.1924,58.5918,48.1718,0.000685709,0.000685709
80,0.391085,94,0.01,0.0001,1,100,55.8511,49.8842,-0.223778,0.000685709
81,0.417518,48,0.01,0.0001,0,100,100,0.01,-0.113893,0.000685709
82,0.419612,99,0.01,0.0001,1,0.01,100,77.9024,-0.0632099,0.000685709
83,0.329068,88,0.049994,0.000111688,1,87.1955,58.4677,48.4141,-0.144158,0.000685709
84,0.409552,59,18.5643,0.0978283,1,42.4251,48.2875,74.403,-0.601404,0.000685709
85,0.329623,88,0.0228513,0.000214305,1,87.1961,58.5372,48.3128,-0.160641,0.000685709
86,0.0356366,76,70.5453,0.000575118,1,78.0628,83.9265,50.4177,-0.666801,0.000685709
87,0.126708,74,89.0932,0.0808524,1,80.9999,74.9099,50.4253,-0.609429,0.000685709
88,0.384083,87,0.021027,0.000128431,1,87.4118,52.9975,0.01,-0.212885,0.000685709
89,0.49673,48,48.6084,0.0162412,1,62.1995,75.267,76.7199,-0.551935,0.000685709
90,0.328564,39,20.8439,0.499619,0,45.9504,43.7881,68.8029,-0.621293,0.000685709
91,0.406704,82,0.0333886,0.000550815,1,90.8161,7.97352,100,-0.0485663,0.000685709
92,0.5,71,0.748824,0.000414793,1,100,0.001,100,-0.133066,0.000685709
93,0.41715,76,84.53,0.0855343,1,69.7474,74.0936,52.4261,-0.544349,0.000685709
94,0.0402193,88,39.8331,0.00326866,0,78.6259,85.451,36.3294,-0.501078,0.000685709
95,0.470266,87,0.0163722,0.000868269,1,87.1404,62.209,100,-0.103209,0.000685709
96,0.070397,82,47.4114,0.0535428,1,79.756,79.7626,44.6912,-0.603173,0.000685709
97,0.217363,54,39.5069,0.336632,0,81.2583,30.8618,66.2352,-0.637508,0.000685709
98,0.0797999,75,50.0158,0.0835518,1,73.762,75.0054,50.0018,-0.617278,0.000685709
99,0.332526,87,0.112505,0.000340596,1,86.9625,68.5373,40.7587,-0.0788508,0.000685709
100,0.343027,87,0.134582,0.000783897,1,89.6831,0.001,93.2215,-0.103945,0.000685709
101,0.5,41,0.267537,0.000281069,1,96.7858,100,0.01,-0.118034,0.000685709
102,0.5,99,0.295971,0.0001,1,100,100,0.01,-0.0976486,0.000685709
103,0.468487,99,12.7981,0.496721,1,74.6087,74.1892,48.5628,-0.590645,0.000685709
104,0.266757,86,0.0671082,0.000479397,1,87.1011,60.1525,49.6668,-0.247123,0.000685709
105,0.499631,22,24.6395,0.270769,0,73.6838,72.7872,49.5382,-0.658481,0.000685709
106,0.5,77,0.0237026,0.000318469,1,85.6106,98.6325,100,-0.128702,0.000685709
107,0.5,86,0.83056,0.000327398,1,88.4855,0.001,0.01,-0.0798204,0.000685709
108,0.5,86,0.0214066,0.000401712,1,85.9227,0.001,5.74542,-0.0721015,0.000685709
109,0.5,84,0.794603,0.0001,1,88.4619,0.001,0.01,-0.0511669,0.000685709
110,0.5,60,0.0501995,0.00206749,1,72.0593,0.001,0.01,-0.207287,0.000685709
111,0.5,99,0.01,0.0001,1,100,100,100,-0.205773,0.000685709
112,0.425189,87,0.173856,0.00096409,1,87.0996,52.0916,0.01,-0.193962,0.000685709
113,0.499995,99,69.5,0.276398,1,61.6043,98.4785,83.3422,-0.530019,0.000685709
114,0.498152,96,90.1843,0.321638,1,95.681,70.0919,81.4376,-0.595139,0.000685709
115,0.493269,80,2.11707,0.0128471,1,90.5185,59.3315,59.3798,-0.0714401,0.000685709
116,0.5,85,1.18982,0.0663769,1,61.7155,73.6745,48.9862,-0.35076,0.000685709
117,0.475143,83,0.01,0.0838093,1,78.8844,48.9506,39.5751,-0.420584,0.000685709
118,0.499585,76,1.7427,0.000111748,0,97.644,8.14648,97.3297,-0.599937,0.000685709
119,0.330724,21,62.4913,0.0965364,1,90.0206,96.8168,32.9422,-0.564595,0.000685709
120,0.5,99,0.01,0.0001,0,100,0.001,100,-0.0380502,0.000685709
121,0.409496,87,0.111039,0.000188196,1,87.3486,8.93629,52.303,-0.050219,0.000685709
122,0.477807,68,1.94028,0.0001,0,100,48.2191,73.8775,-0.541044,0.000685709
123,0.408409,99,0.01,0.0001,0,100,0.001,0.01,-0.108807,0.000685709
124,0.5,99,0.01,0.0001,1,0.01,0.001,80.2329,-0.207868,0.000685709
125,0.486682,83,73.4399,0.179003,1,52.1477,74.7263,74.1849,-0.617461,0.000685709
126,0.5,99,0.01,0.00275004,1,100,0.001,0.01,-0.0588013,0.000685709
127,0.474648,79,82.012,0.258566,1,53.1564,81.5235,76.6552,-0.6216,0.000685709
128,0.485924,48,16.7178,0.372731,0,47.1726,40.8612,73.197,-0.617564,0.000685709
129,0.5,99,0.01,0.0001,1,100,0.001,0.01,-0.0952983,0.000685709
130,0.475299,50,16.6684,0.247244,0,48.0441,81.6012,74.2218,-0.572597,0.000685709
131,0.5,99,0.01,0.00203686,1,100,0.001,0.01,-0.223196,0.000685709
132,0.422436,88,0.0260364,0.000368702,1,87.4115,60.4137,97.1733,-0.0662459,0.000685709
133,0.462665,11,68.2916,0.431477,1,38.5849,64.5882,74.8334,-0.593815,0.000685709
134,0.5,99,0.0704436,0.000167814,1,100,100,100,-0.0994158,0.000685709
135,0.438686,92,0.078157,0.000358088,1,87.59,100,42.7208,-0.0498349,0.000685709
136,0.480749,30,61.979,0.410657,1,52.1438,80.7105,73.7016,-0.592708,0.000685709
137,0.495303,60,73.702,0.396117,1,54.2434,85.6832,63.942,-0.582199,0.000685709
138,0.484051,49,32.7239,0.37123,0,76.8418,49.1884,75.8921,-0.63927,0.000685709
139,0.499972,64,44.3363,0.467681,1,75.4821,47.7884,80.0294,-0.577647,0.000685709
140,0.5,90,0.0376812,0.00064345,1,88.07,36.9958,45.2861,-0.0526191,0.000685709
141,0.243119,52,49.4692,0.223805,0,13.8548,97.3753,85.9612,-0.56041,0.000685709
142,0.104766,56,48.375,0.413928,0,77.8456,49.9441,75.0628,-0.574061,0.000685709
143,0.383803,70,93.7252,0.397186,1,82.2887,90.6686,71.121,-0.640941,0.000685709
144,0.405538,74,84.5727,0.411303,1,81.3277,73.7729,73.7211,-0.547436,0.000685709
145,0.00376269,64,67.3473,0.18753,0,77.655,48.5803,68.7407,-0.579806,0.000685709
146,0.00763363,55,74.7258,0.289184,0,53.2647,51.9801,66.2723,-0.598908,0.000685709
147,0.420214,87,0.0151764,0.000522746,1,87.5422,9.23946,48.5226,-0.131079,0.000685709
148,0.458732,87,0.0673529,0.000644797,1,87.8992,100,47.2461,-0.164568,0.000685709
149,0.431853,88,0.0993741,0.000340629,1,87.5533,58.4209,0.01,-0.0933033,0.000685709
150,0.0442351,37,65.413,0.00581658,1,77.6504,54.1608,47.1676,-0.648681,0.000685709
151,0.047162,44,86.319,0.190588,0,73.489,42.2478,54.7716,-0.639355,0.000685709
152,0.447036,99,56.2535,0.40698,1,78.521,43.3491,72.9243,-0.566968,0.000685709
153,0.485769,77,51.2957,0.4159,1,77.1365,43.1306,71.6305,-0.549471,0.000685709
154,0.426009,45,94.0278,0.000241768,1,90.0602,49.1738,53.405,-0.573022,0.000685709
155,0.495645,26,81.6548,0.0001,1,99.3371,75.2678,53.0795,-0.617634,0.000685709
156,0.458556,99,0.171899,0.00119864,1,87.3029,57.5958,61.1716,-0.100371,0.000685709
157,0.5,26,87.6422,0.0001,1,86.2373,66.5913,59.4091,-0.584754,0.000685709
158,0.431549,51,53.7258,0.0487687,1,77.7951,75.8684,47.5843,-0.614574,0.000685709
159,0.409793,87,0.0647659,0.000348887,1,87.6397,8.50097,49.6687,-0.0786785,0.000685709
160,0.490514,16,92.7681,0.160959,1,67.3469,50.4187,50.5054,-0.58821,0.000685709
161,0.478553,25,65.5643,0.302323,1,82.1858,48.6939,45.0742,-0.568109,0.000685709
162,0.470552,17,75.4721,0.248416,1,75.0879,49.922,49.9027,-0.536274,0.000685709
163,0.0504061,11,33.9739,0.342317,1,18.1405,20.61,62.8643,-0.592777,0.000685709
164,0.417819,87,0.437309,0.000495881,1,87.2049,62.358,47.6486,-0.0681705,0.000685709
165,0.470336,17,75.4098,0.248577,1,75.0894,49.9207,49.901,-0.614424,0.000685709
166,0.413004,87,0.565293,0.000408802,1,87.2729,59.8171,47.6483,-0.0790708,0.000685709
167,0.5,84,0.0467201,0.000490737,1,87.5226,77.6252,59.8533,-0.0919476,0.000685709
168,0.491492,29,45.4172,0.356573,1,56.9491,80.4927,51.284,-0.597675,0.000685709
169,0.407201,87,0.0201855,0.000102937,1,87.3191,59.3773,98.1302,-0.234869,0.000685709
170,0.498045,15,35.7319,0.185025,1,90.0572,39.9022,56.7674,-0.576871,0.000685709
171,0.432012,87,0.07311,0.000689755,1,87.4337,60.1534,0.01,0.0117653,0.0117653
172,0.430267,89,0.522406,0.000304855,1,87.3802,67.1165,0.106936,-0.158038,0.0117653
173,0.45814,19,56.6327,0.157778,1,62.3089,38.9204,47.7584,-0.602566,0.0117653
174,0.399491,92,0.0799131,0.000327728,1,87.6078,100,0.0394835,-0.174645,0.0117653
175,0.5,95,0.0590159,0.000653075,1,87.7038,70.3392,0.0430878,-0.0632392,0.0117653
176,0.479181,17,51.9108,0.245519,1,73.0197,47.7038,50.0053,-0.62387,0.0117653
177,0.5,95,0.0724228,0.000257843,1,87.6025,68.1563,0.279036,-0.116665,0.0117653
178,0.33009,88,0.0158692,0.000948611,1,87.6527,60.4897,0.0254071,-0.348199,0.0117653
179,0.0001,99,69.7635,0.5,1,50.0571,82.1275,72.8189,-0.585603,0.0117653
180,0.5,95,0.0846058,0.0010683,1,87.6537,72.459,0.103546,-0.0984884,0.0117653
181,0.5,88,0.365465,0.000862984,1,87.7099,62.4627,0.0779851,-0.0599848,0.0117653
182,0.5,95,0.107452,0.00125811,1,87.3109,72.24,0.0374609,-0.068815,0.0117653
183,0.5,96,0.107247,0.00063139,1,87.6392,61.4224,0.0656403,-0.113194,0.0117653
184,0.5,86,0.0377556,0.00115705,1,87.5428,36.7872,0.0436219,-0.0894909,0.0117653
185,0.488787,85,17.3541,0.083757,0,69.6005,95.3555,16.0813,-0.578035,0.0117653
186,0.5,88,0.302433,0.000933582,1,87.6043,75.9749,0.0372959,-0.0648374,0.0117653
187,0.0302478,99,61.777,0.175528,1,49.9541,74.8596,92.6245,-0.600837,0.0117653
188,0.0450578,68,20.7632,0.214814,0,86.6308,75.0695,74.913,-0.659964,0.0117653
189,0.438357,87,0.0537034,0.000712879,1,87.3757,10.3767,0.0300721,-0.0543491,0.0117653
190,0.437624,87,0.0870992,0.00154711,1,87.3601,10.4425,0.129171,-0.0514215,0.0117653
191,0.114164,99,65.6122,0.375363,0,37.5521,75.8662,75.3296,-0.568959,0.0117653
192,0.130972,96,60.6243,0.369048,1,61.0003,65.9147,75.4993,-0.543379,0.0117653
193,0.471554,85,0.11574,0.000430158,1,87.3006,100,0.221479,-0.0494544,0.0117653
194,0.437272,87,0.164143,0.000355349,1,87.4659,10.4207,0.173954,0.0478222,0.0478222
195,0.105242,97,80.4358,0.324114,1,57.5756,72.4157,77.3201,-0.598052,0.0478222
196,0.436835,87,1.05641,0.000611963,1,87.2291,10.4122,0.121109,-0.0781779,0.0478222
197,0.435767,87,0.702013,0.000384897,1,87.5191,10.3492,0.195421,-0.205553,0.0478222
198,0.050156,95,79.1945,0.147509,1,43.8141,75.25,37.0801,-0.667957,0.0478222
199,0.00335499,36,74.7436,0.498078,1,41.8502,86.1311,61.4937,-0.620697,0.0478222
200,0.0149618,75,69.6545,0.273162,1,48.6484,69.4572,98.7717,-0.577249,0.0478222
201,0.429707,87,0.773797,0.000675588,1,87.2833,10.4758,0.163877,-0.177098,0.0478222
202,0.0402032,43,72.5843,0.393833,1,57.7916,77.1198,73.115,-0.630927,0.0478222
203,0.0001,99,100,0.5,1,100,100,0.01,-0.59139,0.0478222
204,0.0211856,3,92.4814,0.307254,1,34.5386,84.8047,86.9096,-0.615358,0.0478222
205,0.00019583,56,87.8841,0.465324,1,43.5485,80.1223,93.4641,-0.555467,0.0478222
206,0.0116844,9,72.1634,0.185492,1,51.0036,85.3401,63.0993,-0.566609,0.0478222
207,0.264881,10,53.1966,0.360213,0,26.4531,7.88755,55.8109,-0.557353,0.0478222
208,0.0271649,6,72.5725,0.182552,1,52.1652,79.6658,66.6916,-0.626135,0.0478222

Best eval with params:
eval (mc_estimate_expected_utility) = 0.0478222
smdents_entropy_temp_visits_scale = 0.173954
smbts_search_temp_decay_visits_scale = 87.4659
smbts_epsilon = 0.000355349
smbts_search_temp = 0.164143
smdents_entropy_temp_init = 10.4207
smbts_use_search_temp_decay = 1
sm_split_visit_thresh = 87
sm_l_inf_thresh = 0.437272
