env_id,alg_id,search_runtime,max_trial_length,rollouts_per_mc_eval,num_repeats,num_threads
minecart-v0,czt,20,50,1024,5,16

hp_opt_iter,czt_bias,czt_ball_split_visit_thresh,eval(mc_estimate_expected_utility),best_eval_so_far
MIN,0.01,1,MIN
MAX,100,100,MAX
0,35.1348,29,-1.12386,-1.12386
1,61.2867,37,-1.10032,-1.10032
2,56.7998,51,-1.13155,-1.10032
3,81.0107,45,-1.10473,-1.10032
4,16.6828,71,-1.10604,-1.10032
5,3.09627,61,-1.1078,-1.10032
6,42.5263,95,-1.10703,-1.10032
7,73.7156,13,-1.10792,-1.10032
8,90.8875,10,-1.09317,-1.09317
9,24.6702,81,-1.11349,-1.09317
10,100,99,-1.11577,-1.09317
11,100,1,-1.10524,-1.09317
12,0.01,1,-1.10279,-1.09317
13,100,1,-1.11199,-1.09317
14,0.01,99,-1.12437,-1.09317
15,100,99,-1.11996,-1.09317
16,100,1,-1.111,-1.09317
17,74.1401,1,-1.12815,-1.09317
18,0.01,1,-1.11753,-1.09317
19,100,99,-1.1123,-1.09317
20,91.0745,12,-1.0925,-1.0925
21,93.8563,11,-1.10576,-1.0925
22,86.5055,11,-1.09866,-1.0925
23,88.0848,13,-1.12127,-1.0925
24,92.4602,8,-1.11692,-1.0925
25,69.7104,39,-1.09931,-1.0925
26,76.7392,40,-1.10015,-1.0925
27,70.9359,36,-1.10963,-1.0925
28,84.6473,40,-1.0942,-1.0925
29,84.1819,39,-1.12009,-1.0925
30,84.0734,10,-1.10033,-1.0925
31,66.1846,40,-1.11309,-1.0925
32,51.2993,59,-1.11374,-1.0925
33,67.1284,40,-1.10633,-1.0925
34,81.4285,11,-1.1169,-1.0925
35,97.1749,10,-1.11292,-1.0925
36,58.0647,39,-1.11442,-1.0925
37,99.0064,12,-1.10844,-1.0925
38,36.8376,71,-1.1065,-1.0925
39,11.2468,69,-1.11402,-1.0925
40,50.6475,72,-1.0945,-1.0925
41,89.387,11,-1.10061,-1.0925
42,88.4673,10,-1.11644,-1.0925
43,89.5852,11,-1.10805,-1.0925
44,47.9403,72,-1.09597,-1.0925
45,51.3934,72,-1.08555,-1.08555
46,52.6134,72,-1.10418,-1.08555
47,54.1036,73,-1.12159,-1.08555
48,27.1488,72,-1.1282,-1.08555
49,47.4308,71,-1.11205,-1.08555
50,51.4416,93,-1.1034,-1.08555
51,50.5319,72,-1.11298,-1.08555
52,71.3564,40,-1.09757,-1.08555
53,71.6853,39,-1.13375,-1.08555
54,26.7729,11,-1.10265,-1.08555
55,71.6989,39,-1.10238,-1.08555
56,84.3438,41,-1.10149,-1.08555
57,82.8629,41,-1.1207,-1.08555
58,49.1943,73,-1.13676,-1.08555
59,86.1502,41,-1.14627,-1.08555
60,53.4926,92,-1.11635,-1.08555
61,49.6236,94,-1.09534,-1.08555
62,51.2443,72,-1.10392,-1.08555
63,51.6978,71,-1.11655,-1.08555
64,50.0234,92,-1.0952,-1.08555
65,50.0077,96,-1.10627,-1.08555
66,49.7301,89,-1.1285,-1.08555
67,85.9635,11,-1.11107,-1.08555
68,86.8799,8,-1.11469,-1.08555
69,84.5846,8,-1.12081,-1.08555
70,49.2545,97,-1.11913,-1.08555
71,50.7347,97,-1.10512,-1.08555
72,91.1353,11,-1.09692,-1.08555
73,83.7463,12,-1.11262,-1.08555
74,90.8423,11,-1.10303,-1.08555
75,49.9108,94,-1.11093,-1.08555
76,0.566928,9,-1.10656,-1.08555
77,49.9112,94,-1.11992,-1.08555
78,61.2505,35,-1.10198,-1.08555
79,91.0313,9,-1.11124,-1.08555
80,91.3045,12,-1.1144,-1.08555
81,61.5848,39,-1.11989,-1.08555
82,71.6075,41,-1.09583,-1.08555
83,51.295,71,-1.11412,-1.08555
84,50.6635,74,-1.11722,-1.08555
85,51.4787,73,-1.11413,-1.08555
86,50.3652,99,-1.12701,-1.08555
87,51.2891,95,-1.10477,-1.08555
88,51.1451,97,-1.10091,-1.08555
89,51.5016,97,-1.13942,-1.08555
90,16.675,83,-1.10414,-1.08555
91,16.675,86,-1.09942,-1.08555
92,16.6222,73,-1.11719,-1.08555
93,51.4564,72,-1.09713,-1.08555
94,51.2569,72,-1.12757,-1.08555
95,51.7448,72,-1.10444,-1.08555
96,51.5682,72,-1.10117,-1.08555
97,83.335,46,-1.12079,-1.08555
98,78.5898,41,-1.0842,-1.0842
99,78.5283,41,-1.09781,-1.0842
100,78.7084,41,-1.10084,-1.0842
101,78.4592,41,-1.11789,-1.0842
102,78.6928,41,-1.12658,-1.0842
103,83.335,46,-1.09685,-1.0842
104,0.01,1,-1.10458,-1.0842
105,0.01,1,-1.11752,-1.0842
106,0.01,1,-1.12279,-1.0842
107,0.01,2,-1.11445,-1.0842
108,0.01,1,-1.12895,-1.0842
109,3.16534,2,-1.10354,-1.0842
110,0.01,1,-1.12582,-1.0842
111,0.01,2,-1.12996,-1.0842
112,0.01,99,-1.11398,-1.0842
113,0.01,1,-1.12353,-1.0842
114,0.01,99,-1.10868,-1.0842
115,0.01,1,-1.09956,-1.0842
116,3.16535,1,-1.09544,-1.0842
117,0.01,99,-1.1307,-1.0842
118,0.01,2,-1.11748,-1.0842
119,0.01,1,-1.09935,-1.0842
120,6.53477,34,-1.1201,-1.0842
121,0.01,1,-1.10777,-1.0842
122,100,99,-1.107,-1.0842
123,0.01,99,-1.10887,-1.0842
124,0.01,1,-1.13206,-1.0842
125,100,99,-1.10076,-1.0842
126,100,99,-1.10615,-1.0842
127,100,99,-1.10206,-1.0842
128,100,99,-1.08255,-1.08255
129,100,99,-1.11259,-1.08255
130,0.01,99,-1.10951,-1.08255
131,100,99,-1.1161,-1.08255
132,100,99,-1.08901,-1.08255
133,0.01,99,-1.11176,-1.08255
134,100,99,-1.12353,-1.08255
135,0.01,99,-1.09592,-1.08255
136,99.9959,99,-1.11014,-1.08255
137,100,99,-1.12745,-1.08255
138,99.9951,99,-1.10906,-1.08255
139,0.01,99,-1.14588,-1.08255
140,0.01,1,-1.10631,-1.08255
141,99.9958,99,-1.10148,-1.08255
142,71.8634,88,-1.10693,-1.08255
143,100,99,-1.12398,-1.08255
144,99.9944,99,-1.11048,-1.08255
145,100,99,-1.09889,-1.08255
146,99.9968,99,-1.10567,-1.08255
147,100,99,-1.12005,-1.08255
148,99.9838,99,-1.12681,-1.08255
149,0.01,1,-1.09685,-1.08255
150,0.01,1,-1.12275,-1.08255
151,0.01,99,-1.10558,-1.08255
152,0.01,1,-1.12505,-1.08255
153,0.01,99,-1.11675,-1.08255
154,100,1,-1.12818,-1.08255
155,0.01,99,-1.09847,-1.08255
156,99.9875,99,-1.11357,-1.08255
157,100,99,-1.09157,-1.08255
158,100,99,-1.11124,-1.08255
159,99.9724,99,-1.12122,-1.08255
160,0.01,1,-1.09917,-1.08255
161,0.01,99,-1.1184,-1.08255
162,100,1,-1.11373,-1.08255
163,0.01,1,-1.08778,-1.08255
164,32.6321,16,-1.12899,-1.08255
165,0.01,99,-1.12809,-1.08255
166,100,1,-1.13186,-1.08255
167,0.01,1,-1.11509,-1.08255
168,100,99,-1.10824,-1.08255
169,99.9991,99,-1.13126,-1.08255
170,100,99,-1.12754,-1.08255
171,0.01,1,-1.12894,-1.08255
172,0.01,99,-1.13433,-1.08255
173,100,1,-1.10927,-1.08255
174,100,1,-1.12695,-1.08255
175,0.01,1,-1.10617,-1.08255
176,0.01,1,-1.13089,-1.08255
177,0.01,99,-1.11507,-1.08255
178,0.01,99,-1.1165,-1.08255
179,100,1,-1.09365,-1.08255
180,100,1,-1.12533,-1.08255
181,100,99,-1.09972,-1.08255
182,99.9942,99,-1.10475,-1.08255
183,99.9977,99,-1.12858,-1.08255
184,0.01,2,-1.11438,-1.08255
185,0.01,99,-1.10217,-1.08255
186,33.5248,36,-1.09735,-1.08255
187,0.01,99,-1.12901,-1.08255
188,100,1,-1.11329,-1.08255
189,100,1,-1.11889,-1.08255
190,3.24632,3,-1.11865,-1.08255
191,0.01,1,-1.10044,-1.08255
192,0.01,99,-1.10294,-1.08255
193,0.01,3,-1.12369,-1.08255
194,0.01,99,-1.10771,-1.08255
195,99.9966,99,-1.13895,-1.08255
196,99.965,99,-1.10843,-1.08255
197,99.9778,99,-1.08905,-1.08255
198,0.01,99,-1.11562,-1.08255
199,100,1,-1.11878,-1.08255
200,100,99,-1.11596,-1.08255
201,100,99,-1.10276,-1.08255
202,100,99,-1.13044,-1.08255
203,0.01,3,-1.11367,-1.08255
204,0.01,99,-1.11479,-1.08255
205,100,1,-1.10041,-1.08255
206,100,1,-1.10594,-1.08255
207,100,1,-1.09254,-1.08255
208,45.2442,76,-1.11878,-1.08255

Best eval with params:
eval (mc_estimate_expected_utility) = -1.08255
czt_ball_split_visit_thresh = 99
czt_bias = 100
