env_id,alg_id,search_runtime,max_trial_length,rollouts_per_mc_eval,num_repeats,num_threads
minecart-v0,chmcts,20,50,1024,5,16

hp_opt_iter,czt_bias,czt_ball_split_visit_thresh,eval(mc_estimate_expected_utility),best_eval_so_far
MIN,0.01,1,MIN
MAX,100,100,MAX
0,29.5115,67,-0.497053,-0.497053
1,88.6468,29,-0.641824,-0.497053
2,15.2742,5,-0.49856,-0.497053
3,77.9472,44,-0.486642,-0.486642
4,96.1681,37,-0.49369,-0.486642
5,49.9421,20,-0.632437,-0.486642
6,4.45214,95,-0.743476,-0.486642
7,52.7693,79,-0.495678,-0.486642
8,34.0437,55,-0.358481,-0.358481
9,65.2471,86,-0.600198,-0.358481
10,99.9981,56,-0.642753,-0.358481
11,0.01,49,-0.468959,-0.358481
12,100,1,-0.574426,-0.358481
13,0.01,63,-0.45805,-0.358481
14,0.01,49,-0.434786,-0.358481
15,0.01,57,-0.748356,-0.358481
16,0.0196627,41,-0.626066,-0.358481
17,99.998,72,-0.894593,-0.358481
18,0.01,1,-0.426323,-0.358481
19,0.01,1,-0.454709,-0.358481
20,38.0399,54,-0.400554,-0.358481
21,35.1988,56,-0.596184,-0.358481
22,33.2414,53,-0.44161,-0.358481
23,42.2274,53,-0.765141,-0.358481
24,25.9043,54,-0.787645,-0.358481
25,11.2676,48,-0.789914,-0.358481
26,5.92704,2,-0.371301,-0.358481
27,0.751203,3,-0.397713,-0.358481
28,8.44305,2,-0.382643,-0.358481
29,7.39738,3,-0.450326,-0.358481
30,4.24312,1,-0.35933,-0.358481
31,10.3142,83,-0.37105,-0.358481
32,4.31656,1,-0.522663,-0.358481
33,3.66395,4,-0.524582,-0.358481
34,11.124,81,-0.618466,-0.358481
35,9.02859,85,-0.72754,-0.358481
36,10.9128,1,-0.488841,-0.358481
37,9.49672,4,-0.585141,-0.358481
38,83.5943,42,-0.596881,-0.358481
39,0.019428,66,-0.351511,-0.351511
40,1.29318,66,-0.383112,-0.351511
41,0.0194018,65,-0.454157,-0.351511
42,0.0295166,66,-0.373755,-0.351511
43,0.0191431,66,-0.507067,-0.351511
44,0.0550544,64,-0.35684,-0.351511
45,0.0484025,64,-0.481013,-0.351511
46,3.33343,65,-0.627698,-0.351511
47,0.0122676,63,-0.500791,-0.351511
48,0.0160052,67,-0.490681,-0.351511
49,13.5179,83,-0.747012,-0.351511
50,6.01729,83,-0.881697,-0.351511
51,35.3372,52,-0.763313,-0.351511
52,1.75729,1,-0.480151,-0.351511
53,13.0625,23,-0.622356,-0.351511
54,0.0188769,4,-0.49719,-0.351511
55,50.0047,82,-0.565272,-0.351511
56,6.30045,4,-0.51634,-0.351511
57,32.4008,56,-0.670974,-0.351511
58,38.25,58,-0.734722,-0.351511
59,75.1129,44,-0.66188,-0.351511
60,98.6503,35,-0.613278,-0.351511
61,0.953269,69,-0.507011,-0.351511
62,7.02217,1,-0.648543,-0.351511
63,1.51294,1,-0.38985,-0.351511
64,1.58495,2,-0.546822,-0.351511
65,13.3688,2,-0.412648,-0.351511
66,79.8121,45,-0.504764,-0.351511
67,0.281175,65,-0.634387,-0.351511
68,78.2676,48,-0.504674,-0.351511
69,80.6396,49,-0.619648,-0.351511
70,12.9229,4,-0.633608,-0.351511
71,14.4891,1,-0.492046,-0.351511
72,94.2006,40,-0.463849,-0.351511
73,51.6688,76,-0.365436,-0.351511
74,52.7985,76,-0.484181,-0.351511
75,4.20466,29,-0.35003,-0.35003
76,4.20026,30,-0.533082,-0.35003
77,4.17949,27,-0.795581,-0.35003
78,52.8322,76,-0.486853,-0.35003
79,50.4154,77,-0.470856,-0.35003
80,50.9253,75,-0.362647,-0.35003
81,50.6352,75,-0.47708,-0.35003
82,52.2627,74,-0.323955,-0.323955
83,52.6085,74,-0.751358,-0.323955
84,48.6352,75,-0.594903,-0.323955
85,28.8308,70,-0.582421,-0.323955
86,16.9257,3,-0.436189,-0.323955
87,18.9195,2,-0.613398,-0.323955
88,90.7302,2,-0.750292,-0.323955
89,41.8939,95,-0.5412,-0.323955
90,41.9213,99,-0.641435,-0.323955
91,93.0228,99,-0.785939,-0.323955
92,75.1951,68,-0.469752,-0.323955
93,72.225,67,-0.49987,-0.323955
94,74.946,65,-0.781164,-0.323955
95,73.678,70,-0.700138,-0.323955
96,79.397,69,-0.64643,-0.323955
97,72.5196,11,-0.358118,-0.323955
98,71.9805,10,-0.457899,-0.323955
99,73.6264,12,-0.476032,-0.323955
100,74.2312,10,-0.618879,-0.323955
101,70.9451,12,-0.330096,-0.323955
102,70.9835,12,-0.522265,-0.323955
103,72.024,14,-0.368155,-0.323955
104,70.6926,14,-0.61202,-0.323955
105,73.8706,14,-0.514857,-0.323955
106,69.8428,11,-0.507471,-0.323955
107,73.5885,17,-0.511682,-0.323955
108,72.274,12,-0.45975,-0.323955
109,77.327,16,-0.753755,-0.323955
110,70.0131,8,-0.339241,-0.323955
111,68.9393,8,-0.510177,-0.323955
112,71.4565,7,-0.615376,-0.323955
113,67.0405,9,-0.749318,-0.323955
114,17.3586,6,-0.633349,-0.323955
115,72.4434,13,-0.487728,-0.323955
116,50.4989,73,-0.474145,-0.323955
117,5.92504,32,-0.610962,-0.323955
118,96.0359,41,-0.372697,-0.323955
119,49.3371,65,-0.626508,-0.323955
120,96.0303,41,-0.615198,-0.323955
121,77.7392,69,-0.630249,-0.323955
122,71.5366,18,-0.723815,-0.323955
123,0.019397,73,-0.618841,-0.323955
124,41.8764,91,-0.653292,-0.323955
125,69.6817,66,-0.642594,-0.323955
126,31.8103,23,-0.647696,-0.323955
127,58.1685,41,-0.508464,-0.323955
128,60.7186,42,-0.614621,-0.323955
129,79.6876,42,-0.639092,-0.323955
130,55.597,41,-0.602363,-0.323955
131,57.4857,45,-0.47862,-0.323955
132,56.0549,48,-0.371065,-0.323955
133,57.0389,48,-0.576214,-0.323955
134,55.2046,46,-0.757376,-0.323955
135,38.5705,53,-0.675987,-0.323955
136,1.55592,5,-0.346781,-0.323955
137,1.54614,6,-0.500438,-0.323955
138,9.31542,1,-0.500052,-0.323955
139,5.22295,3,-0.384828,-0.323955
140,5.31871,3,-0.526092,-0.323955
141,47.8449,29,-0.43364,-0.323955
142,5.31734,3,-0.492442,-0.323955
143,46.6372,30,-0.7035,-0.323955
144,49.1649,28,-0.373545,-0.323955
145,48.6369,27,-0.754703,-0.323955
146,49.9111,29,-0.627189,-0.323955
147,54.7058,49,-0.574422,-0.323955
148,59.2374,47,-0.489608,-0.323955
149,59.5104,45,-0.742709,-0.323955
150,1.63306,50,-0.735488,-0.323955
151,1.66618,4,-0.480866,-0.323955
152,3.27121,6,-0.408703,-0.323955
153,4.15352,7,-0.569119,-0.323955
154,60.344,49,-0.766164,-0.323955
155,1.79546,63,-0.453195,-0.323955
156,0.0200734,15,-0.507597,-0.323955
157,0.0217883,15,-0.45331,-0.323955
158,99.9979,87,-0.453189,-0.323955
159,99.9979,87,-0.641094,-0.323955
160,99.9986,17,-0.330888,-0.323955
161,99.9985,17,-0.618584,-0.323955
162,0.0196657,15,-0.486391,-0.323955
163,40.2266,94,-0.345847,-0.323955
164,100,99,-0.745633,-0.323955
165,0.01,99,-0.610301,-0.323955
166,0.0260797,15,-0.361753,-0.323955
167,100,99,-0.771393,-0.323955
168,100,1,-0.555643,-0.323955
169,100,1,-0.678498,-0.323955
170,0.01,99,-0.455869,-0.323955
171,0.01,99,-0.385246,-0.323955
172,0.01,99,-0.627278,-0.323955
173,100,99,-0.613909,-0.323955
174,100,1,-0.640506,-0.323955
175,0.01,99,-0.683444,-0.323955
176,100,1,-0.576006,-0.323955
177,61.1027,99,-0.638802,-0.323955
178,40.487,1,-0.508982,-0.323955
179,40.4751,1,-0.498094,-0.323955
180,50.1637,1,-0.66942,-0.323955
181,54.9739,99,-0.591935,-0.323955
182,36.7148,1,-0.384672,-0.323955
183,31.8964,1,-0.48489,-0.323955
184,36.9097,1,-0.489208,-0.323955
185,57.4312,78,-0.326663,-0.323955
186,36.9019,1,-0.466624,-0.323955
187,48.7203,1,-0.646357,-0.323955
188,0.01,99,-0.366015,-0.323955
189,0.01,99,-0.317667,-0.317667
190,0.01,99,-0.494042,-0.317667
191,0.01,99,-0.52137,-0.317667
192,100,99,-0.739928,-0.317667
193,0.01,99,-0.430476,-0.317667
194,0.01,99,-0.326503,-0.317667
195,0.01,99,-0.596649,-0.317667
196,0.01,99,-0.362019,-0.317667
197,0.01,99,-0.320352,-0.317667
198,99.9981,81,-0.778234,-0.317667
199,0.020127,12,-0.446696,-0.317667
200,0.0201963,12,-0.507108,-0.317667
201,0.0217824,17,-0.625262,-0.317667
202,99.998,25,-0.478505,-0.317667
203,0.0217862,73,-0.33618,-0.317667
204,0.0201939,73,-0.298692,-0.298692
205,0.0103579,73,-0.404158,-0.298692
206,0.01,73,-0.508934,-0.298692
207,98.2715,53,-0.314441,-0.298692
208,0.0102607,73,-0.689827,-0.298692

Best eval with params:
eval (mc_estimate_expected_utility) = -0.298692
czt_ball_split_visit_thresh = 73
czt_bias = 0.0201939
