env_id,alg_id,search_runtime,max_trial_length,rollouts_per_mc_eval,num_repeats,num_threads
minecart-v0,smbts,20,50,1024,5,16

hp_opt_iter,sm_l_inf_thresh,sm_split_visit_thresh,smbts_search_temp,smbts_epsilon,smbts_use_search_temp_decay,smbts_search_temp_decay_visits_scale,eval(mc_estimate_expected_utility),best_eval_so_far
MIN,0.0001,1,0.01,0.0001,0,0.01,MIN
MAX,0.5,100,100,0.5,1,100,MAX
0,0.36802,93,52.7803,0.174867,0,70.2094,-1.05599,-1.05599
1,0.12466,53,36.5093,0.462916,1,13.9976,-1.01217,-1.01217
2,0.305345,78,62.1186,0.267581,0,35.1801,-1.03538,-1.01217
3,0.408342,46,4.32746,0.129273,0,21.0272,-1.05524,-1.01217
4,0.18308,34,48.3164,0.34523,1,47.6058,-1.02267,-1.01217
5,0.280212,25,98.5287,0.352285,0,66.5802,-1.07116,-1.01217
6,0.493432,84,10.7184,0.41396,0,96.2175,-1.00174,-1.00174
7,0.0723056,6,70.7042,0.205391,1,89.764,-1.00443,-1.00174
8,0.232169,66,26.5986,0.0685518,1,54.0382,-1.06673,-1.00174
9,0.0433874,17,80.8681,0.0204745,1,0.864989,-1.03963,-1.00174
10,0.5,99,0.01,0.5,0,100,-1.02017,-1.00174
11,0.0989225,99,0.0187719,0.499988,0,99.9975,-0.980275,-0.980275
12,0.09118,99,0.0181957,0.499989,0,99.9982,-0.985521,-0.980275
13,0.104211,99,0.0187478,0.499988,0,99.9976,-0.963923,-0.963923
14,0.114144,99,0.0192634,0.000143495,0,99.9986,-0.808484,-0.808484
15,0.5,1,100,0.0001,1,0.01,-1.04375,-0.808484
16,0.435882,64,96.0049,0.455305,1,98.8632,-1.04827,-0.808484
17,0.139882,99,100,0.0001,0,100,-1.03703,-0.808484
18,0.107488,99,0.124898,0.0001,1,0.01,-0.769478,-0.769478
19,0.0001,99,0.01,0.000110776,1,0.0134631,-0.57077,-0.57077
20,0.0001,1,0.01,0.0001,1,0.01,-0.966027,-0.57077
21,0.0001,99,0.01,0.0001,0,100,-0.840227,-0.57077
22,0.0001,99,27.2625,0.0001,1,0.01,-1.01377,-0.57077
23,0.0001,1,0.01,0.255875,1,100,-0.971694,-0.57077
24,0.311286,37,0.190598,0.498672,1,61.8444,-0.994651,-0.57077
25,0.0001,99,0.01,0.5,1,0.01,-1.04338,-0.57077
26,0.176605,99,0.01,0.0001,0,0.01,-0.577644,-0.57077
27,0.215527,99,0.01,0.0001,0,100,-0.970539,-0.57077
28,0.0001,99,0.01,0.0001,0,0.01,-0.738871,-0.57077
29,0.0961131,99,0.01,0.0001,0,0.01,-0.850021,-0.57077
30,0.499112,1,35.5516,0.00201736,0,0.644533,-1.065,-0.57077
31,0.498224,99,77.8508,0.0001,1,0.835506,-1.0339,-0.57077
32,0.405967,84,0.146958,0.110791,1,77.3759,-1.01235,-0.57077
33,0.494715,79,80.9956,0.00823341,1,1.54897,-1.08048,-0.57077
34,0.0316261,1,20.1613,0.0735336,1,100,-1.04207,-0.57077
35,0.446642,38,56.4478,0.0001,1,100,-1.06394,-0.57077
36,0.499037,1,62.9938,0.5,0,0.01,-1.05714,-0.57077
37,0.326761,99,83.9553,0.5,0,1.11141,-1.0368,-0.57077
38,0.228512,46,74.2859,0.499718,1,5.99456,-1.04293,-0.57077
39,0.210552,46,100,0.0298059,0,84.0016,-1.04124,-0.57077
40,0.447553,99,79.195,0.236739,0,99.5931,-1.06077,-0.57077
41,0.398289,98,16.7874,0.301202,1,46.8412,-1.00722,-0.57077
42,0.413253,13,26.323,0.240712,1,78.3387,-1.01431,-0.57077
43,0.294289,18,100,0.165554,0,31.0541,-1.03294,-0.57077
44,0.265439,6,43.6178,0.155078,1,39.4212,-1.01012,-0.57077
45,0.393154,99,62.3438,0.404828,1,82.539,-1.07874,-0.57077
46,0.375025,17,50.005,0.25005,1,16.675,-1.04248,-0.57077
47,0.12009,97,79.4551,0.141616,1,58.9003,-1.03172,-0.57077
48,0.166365,95,57.0416,0.0754262,0,89.4975,-1.04172,-0.57077
49,0.266827,47,32.717,0.385517,1,95.9491,-1.03469,-0.57077
50,0.322546,99,27.2533,0.174123,0,12.9323,-1.0489,-0.57077
51,0.394749,16,96.6543,0.248867,1,75.0025,-1.04321,-0.57077
52,0.175735,60,0.749026,0.348885,1,15.3719,-1.0308,-0.57077
53,0.432013,1,19.2151,0.5,1,0.01,-1.0512,-0.57077
54,0.0279314,75,33.6042,0.371849,0,68.0468,-1.00504,-0.57077
55,0.000764343,99,0.01,0.000218534,1,0.0792891,-0.654873,-0.57077
56,0.109582,30,0.01,0.224872,1,1.89584,-1.01955,-0.57077
57,0.283089,50,20.8734,0.499689,1,97.8459,-1.06296,-0.57077
58,0.225988,87,35.1532,0.28504,1,7.28915,-1.01561,-0.57077
59,0.000420999,99,0.01,0.000336637,1,0.080148,-0.593404,-0.57077
60,0.43051,12,74.4926,0.392997,1,77.4205,-1.0454,-0.57077
61,0.167049,99,11.5269,0.0001,1,97.7869,-0.976942,-0.57077
62,0.222222,45,80.2903,0.301909,1,11.3978,-1.02441,-0.57077
63,0.369673,1,16.5264,0.367283,1,16.4748,-1.02728,-0.57077
64,0.375101,17,49.9015,0.486648,1,99.8061,-1.01639,-0.57077
65,0.187399,97,0.0976009,0.237269,1,97.4848,-0.968899,-0.57077
66,0.243997,62,15.4537,0.237585,1,15.846,-1.05032,-0.57077
67,0.395521,51,66.3579,0.106876,1,13.527,-1.04487,-0.57077
68,0.23501,99,38.7002,0.251085,1,100,-1.02497,-0.57077
69,0.240132,32,0.01,0.0001,1,100,-0.902476,-0.57077
70,0.309729,10,11.559,0.00377238,0,99.9621,-1.01542,-0.57077
71,0.222099,1,35.4357,0.0001,1,100,-1.01706,-0.57077
72,0.230462,17,50.005,0.08406,0,75.0025,-1.04329,-0.57077
73,0.356204,99,52.4772,0.499222,1,1.07732,-1.00891,-0.57077
74,0.466808,2,56.9389,0.388725,0,40.0861,-1.01578,-0.57077
75,0.341212,12,66.4588,0.292264,0,100,-1.04868,-0.57077
76,0.48037,12,43.2975,0.192101,0,66.7165,-1.02535,-0.57077
77,0.132244,99,100,0.173063,1,100,-1.0544,-0.57077
78,0.0001,1,77.8856,0.0514263,0,100,-1.04589,-0.57077
79,0.00088863,99,0.01,0.000175285,1,0.076218,-0.972953,-0.57077
80,0.341213,13,85.0326,0.147025,0,69.3273,-1.04472,-0.57077
81,0.138676,5,64.4101,0.313216,0,92.8776,-1.03345,-0.57077
82,0.399155,99,100,0.316919,1,59.0375,-1.02419,-0.57077
83,0.5,99,0.01,0.0001,1,2.83841,-0.749285,-0.57077
84,0.5,62,0.01,0.0001,1,0.01,-0.524999,-0.524999
85,0.0001,62,0.01,0.0001,1,0.01,-0.716827,-0.524999
86,0.5,65,0.01,0.0001,1,0.01,-0.481175,-0.481175
87,0.5,99,0.01,0.0001,1,0.01,-0.636584,-0.481175
88,0.499788,46,0.0398187,0.000343281,1,0.0959162,-0.632455,-0.481175
89,0.499658,59,0.0237917,0.0001,1,0.0757382,-0.522302,-0.481175
90,0.5,64,0.01,0.0001,0,0.01,-0.479494,-0.479494
91,0.499951,62,0.01,0.000108766,0,0.0492687,-0.590105,-0.479494
92,0.499913,63,0.01,0.000193086,0,0.0734684,-0.414288,-0.414288
93,0.499498,62,0.0111754,0.0001,0,0.105666,-0.597253,-0.414288
94,0.111347,36,32.2303,0.304289,1,99.6123,-1.00818,-0.414288
95,0.0177642,99,80.0781,0.368775,1,3.12077,-1.0324,-0.414288
96,0.499984,55,0.0363509,0.0001,0,0.0374784,-0.476074,-0.414288
97,0.499472,51,0.01,0.000229026,0,0.0959783,-0.623657,-0.414288
98,0.0729749,80,46.4518,0.470401,0,96.0459,-1.03349,-0.414288
99,0.499734,51,0.01,0.000465792,0,0.113792,-0.907125,-0.414288
100,0.0865087,43,54.363,0.251034,1,99.9512,-1.03499,-0.414288
101,0.49961,87,0.0614333,0.000451536,0,0.033061,-0.963259,-0.414288
102,0.499473,29,0.0267718,0.00052184,0,0.101918,-0.893899,-0.414288
103,0.5,99,100,0.20454,0,0.01,-1.02715,-0.414288
104,0.375735,55,99.9723,0.140805,0,99.7892,-1.03523,-0.414288
105,0.400292,59,100,0.290293,1,100,-1.0426,-0.414288
106,0.279854,64,8.94994,0.0001,0,0.01,-0.974335,-0.414288
107,0.499487,64,0.0174859,0.0001,0,0.0760755,-0.692877,-0.414288
108,0.418441,96,53.813,0.395271,1,0.255603,-1.03583,-0.414288
109,0.0292619,75,0.01,0.049967,1,2.28941,-0.960435,-0.414288
110,0.5,99,0.01,0.0778805,0,0.01,-0.585382,-0.414288
111,0.5,73,0.0201754,0.0505086,1,4.22624,-0.813354,-0.414288
112,0.5,99,52.6372,0.0001,0,0.01,-1.04319,-0.414288
113,0.264809,31,24.5829,0.12739,0,0.0572303,-1.00797,-0.414288
114,0.373111,16,94.6038,0.375062,0,50.0446,-1.04394,-0.414288
115,0.398023,90,78.9562,0.0814784,0,43.5912,-1.03978,-0.414288
116,0.218096,62,13.066,0.409681,1,67.46,-0.996403,-0.414288
117,0.229979,64,10.2317,0.371103,1,86.5591,-1.00887,-0.414288
118,0.230412,75,83.3402,0.25005,0,83.335,-1.04209,-0.414288
119,0.394898,9,40.9739,0.344816,1,86.6587,-1.01506,-0.414288
120,0.208297,78,86.4324,0.207842,1,94.5399,-1.05124,-0.414288
121,0.394931,9,40.2885,0.395764,1,83.3069,-1.03807,-0.414288
122,0.24854,76,88.076,0.491932,1,27.1991,-1.03163,-0.414288
123,0.249284,77,85.7614,0.485896,1,38.9774,-1.05377,-0.414288
124,0.232695,72,77.0253,0.495131,1,49.4552,-1.04434,-0.414288
125,0.499901,99,0.0603895,0.000230307,0,0.247361,-0.923116,-0.414288
126,0.0001,97,100,0.0001,0,0.01,-1.05978,-0.414288
127,0.0001,99,66.2518,0.0001,0,0.01,-1.0522,-0.414288
128,0.106511,22,0.013105,0.0001,1,2.47936,-0.695501,-0.414288
129,0.0119228,3,0.01,0.0001,0,0.01,-0.76525,-0.414288
130,0.0001,47,40.4382,0.0001,0,0.01,-1.05298,-0.414288
131,0.499733,13,0.0403678,0.000637226,0,0.0177374,-0.72396,-0.414288
132,0.0001,1,0.01,0.5,0,0.01,-0.994337,-0.414288
133,0.499893,99,0.0580812,0.000497053,0,0.0662201,-0.993137,-0.414288
134,0.209371,99,20.8999,0.5,0,7.57396,-1.02526,-0.414288
135,0.393188,97,47.6943,0.294403,1,20.3639,-1.06443,-0.414288
136,0.394811,49,83.4324,0.415685,1,75.0025,-1.02521,-0.414288
137,0.375025,50,50.005,0.416683,0,16.675,-1.0264,-0.414288
138,0.471885,99,8.91634,0.0917275,0,61.5671,-1.00182,-0.414288
139,0.370746,76,16.8798,0.146451,1,77.8709,-1.04242,-0.414288
140,0.401517,98,38.9206,0.0152448,1,48.1473,-1.04609,-0.414288
141,0.381997,83,45.491,0.0814155,1,49.2627,-1.03982,-0.414288
142,0.358071,8,29.0157,0.127679,0,88.7444,-1.02256,-0.414288
143,0.382023,83,45.5264,0.0810801,1,49.2646,-1.04039,-0.414288
144,0.370519,99,40.4939,0.409041,0,96.6069,-1.02818,-0.414288
145,0.400905,98,71.867,0.36669,0,98.6935,-1.03999,-0.414288
146,0.0433295,99,66.2987,0.155545,1,37.0346,-1.02701,-0.414288
147,0.0477599,95,90.892,0.0799401,1,46.9613,-1.04299,-0.414288
148,0.0852144,97,72.0869,0.279214,1,47.2462,-1.04774,-0.414288
149,0.065365,99,61.9614,0.5,1,100,-1.053,-0.414288
150,0.0812959,97,50.6407,0.35351,1,99.9939,-1.03641,-0.414288
151,0.0369839,99,35.7655,0.140127,1,89.2019,-1.04166,-0.414288
152,0.0210405,92,8.15009,0.215384,0,96.0867,-1.05439,-0.414288
153,0.0120933,99,24.3654,0.304174,1,100,-1.04484,-0.414288
154,0.0225159,97,27.403,0.223681,1,95.7456,-1.02861,-0.414288
155,0.0553911,99,60.6239,0.226775,0,100,-1.02446,-0.414288
156,0.0174131,1,100,0.5,1,3.52687,-1.06767,-0.414288
157,0.472594,99,100,0.5,1,0.01,-1.06545,-0.414288
158,0.5,4,63.4673,0.0165224,1,3.14141,-1.04253,-0.414288
159,0.5,1,100,0.27208,1,0.01,-1.06187,-0.414288
160,0.499595,13,0.0458711,0.000255494,0,0.268153,-0.645775,-0.414288
161,0.348591,1,73.4668,0.200016,0,1.55223,-1.02004,-0.414288
162,0.0001,98,100,0.5,0,0.758411,-1.03646,-0.414288
163,0.0001,66,100,0.329546,0,0.01,-1.04148,-0.414288
164,0.0149638,45,1.46446,0.179511,0,97.8432,-1.04952,-0.414288
165,0.498786,13,0.0440955,0.000293237,0,0.0815052,-0.915892,-0.414288
166,0.0001,79,100,0.31669,0,0.01,-1.05588,-0.414288
167,0.0001,99,43.3993,0.171963,0,0.01,-1.01788,-0.414288
168,0.5,12,100,0.5,0,0.01,-1.0266,-0.414288
169,0.396034,1,26.0267,0.5,1,0.01,-1.0755,-0.414288
170,0.499667,13,0.0991903,0.000922597,0,0.220572,-0.76937,-0.414288
171,0.302289,1,84.4662,0.5,0,1.10705,-1.0132,-0.414288
172,0.029614,1,53.1258,0.5,1,22.853,-1.03457,-0.414288
173,0.0001,1,0.01,0.349526,1,0.194312,-1.0239,-0.414288
174,0.0156231,1,0.01,0.5,1,0.881011,-0.980161,-0.414288
175,0.00339892,1,38.6397,0.5,1,0.674735,-1.04078,-0.414288
176,0.00589247,1,31.8969,0.264994,1,0.01,-1.06914,-0.414288
177,0.0001,1,100,0.0001,0,0.01,-1.04467,-0.414288
178,0.0141259,1,100,0.256382,0,1.592,-1.03381,-0.414288
179,0.469798,99,75.4358,0.233479,0,0.01,-1.07479,-0.414288
180,0.499699,99,0.167896,0.000718022,0,0.144279,-1.01969,-0.414288
181,0.494946,1,78.6899,0.5,1,0.828676,-1.04091,-0.414288
182,0.499642,13,0.0368469,0.000173707,0,0.14687,-0.449516,-0.414288
183,0.499811,13,0.106449,0.000385317,0,0.17379,-0.912499,-0.414288
184,0.342926,1,59.1754,0.280146,0,0.192428,-1.04591,-0.414288
185,0.5,99,0.01,0.5,0,0.01,-0.968899,-0.414288
186,0.412783,54,54.9051,0.14563,1,67.6215,-1.07621,-0.414288
187,0.5,99,27.3803,0.5,1,0.01,-1.01991,-0.414288
188,0.5,7,0.01,0.210167,0,0.01,-0.96858,-0.414288
189,0.5,95,0.01,0.5,0,0.01,-1.03783,-0.414288
190,0.5,99,19.0648,0.00730323,0,0.01,-1.00756,-0.414288
191,0.499672,8,0.162153,0.285544,0,99.9681,-1.02998,-0.414288
192,0.0505082,94,100,0.5,0,100,-1.05337,-0.414288
193,0.0081389,1,100,0.5,0,100,-1.06697,-0.414288
194,0.0001,99,24.7177,0.5,0,100,-1.03549,-0.414288
195,0.0001,4,68.675,0.5,0,100,-1.03108,-0.414288
196,0.0867101,99,100,0.5,0,100,-1.01679,-0.414288
197,0.0001,99,100,0.278084,0,100,-1.02954,-0.414288
198,0.485629,1,0.01,0.5,0,0.01,-0.968472,-0.414288
199,0.5,99,0.01,0.212398,0,0.01,-1.03506,-0.414288
200,0.5,99,0.01,0.308639,0,0.01,-0.958474,-0.414288
201,0.5,99,61.2943,0.5,0,4.87883,-1.02844,-0.414288
202,0.5,99,100,0.0001,0,0.01,-1.02832,-0.414288
203,0.499113,13,0.0447597,0.000159835,0,0.0779452,-0.739433,-0.414288
204,0.5,99,31.6173,0.384742,0,1.33496,-1.0282,-0.414288
205,0.5,1,32.1707,0.5,0,0.01,-1.0341,-0.414288
206,0.5,99,0.01,0.5,0,0.01,-1.00868,-0.414288
207,0.5,42,78.3696,0.32568,0,2.59942,-1.01379,-0.414288
208,0.320162,21,62.8769,0.456854,0,80.9926,-1.01208,-0.414288

Best eval with params:
eval (mc_estimate_expected_utility) = -0.414288
smbts_search_temp_decay_visits_scale = 0.0734684
smbts_epsilon = 0.000193086
smbts_search_temp = 0.01
smbts_use_search_temp_decay = 0
sm_split_visit_thresh = 63
sm_l_inf_thresh = 0.499913
