env_id,alg_id,search_runtime,max_trial_length,rollouts_per_mc_eval,num_repeats,num_threads
minecart-v0,smdents,20,50,1024,5,16

hp_opt_iter,sm_l_inf_thresh,sm_split_visit_thresh,smbts_search_temp,smbts_epsilon,smbts_use_search_temp_decay,smbts_search_temp_decay_visits_scale,smdents_entropy_temp_init,smdents_entropy_temp_visits_scale,eval(mc_estimate_expected_utility),best_eval_so_far
MIN,0.0001,1,0.01,0.0001,0,0.01,0.001,0.01,MIN
MAX,0.5,100,100,0.5,1,100,100,100,MAX
0,0.264455,42,27.0798,0.384413,0,49.0498,17.1109,50.324,-1.01574,-1.01574
1,0.0937555,20,38.157,0.16193,1,76.0527,74.6279,60.9131,-1.01022,-1.01022
2,0.146607,67,49.0052,0.125145,0,15.4694,2.12569,70.8667,-1.08527,-1.01022
3,0.328911,73,8.16827,0.405071,0,21.4576,41.89,42.2965,-1.06196,-1.01022
4,0.15617,92,58.1007,0.257436,1,36.7253,98.7694,0.680911,-1.0596,-1.01022
5,0.211704,28,85.4625,0.0134671,1,63.2629,50.1431,12.7698,-1.04608,-1.01022
6,0.404684,52,66.8479,0.320097,0,6.39585,25.7508,98.8732,-1.04102,-1.01022
7,0.377639,85,15.0578,0.215565,1,92.8161,88.8696,21.9323,-1.08571,-1.01022
8,0.00666476,5,97.2585,0.0699998,1,53.7157,68.5722,89.3473,-1.01667,-1.01022
9,0.497468,33,74.1026,0.497005,0,81.9403,38.2267,32.7586,-1.06979,-1.01022
10,0.0296326,4,92.7191,0.0511178,1,65.6163,73.9958,100,-1.04843,-1.01022
11,0.000148358,1,99.9989,0.000148242,1,99.9996,18.1118,0.0194058,-1.04374,-1.01022
12,0.265844,65,0.01,0.5,1,100,73.9849,0.01,-1.02675,-1.01022
13,0.0665933,10,0.01,0.0001,0,79.0856,72.9873,0.01,-0.991839,-0.991839
14,0.499992,99,0.0195814,0.499992,1,0.0203664,14.2077,99.9974,-0.956802,-0.956802
15,0.499991,99,0.0197178,0.499991,1,0.0202807,12.2462,99.9974,-0.958086,-0.956802
16,0.499991,99,0.0195181,0.499992,1,0.0199794,12.2376,99.9975,-0.961732,-0.956802
17,0.499991,99,0.0194978,0.499992,1,0.0200291,12.293,99.9975,-1.01557,-0.956802
18,0.499991,99,0.0197352,0.499992,1,0.0199104,15.9803,99.9974,-0.98015,-0.956802
19,0.49999,99,0.0195126,0.000151317,1,0.0201726,13.4285,99.9975,-0.881956,-0.881956
20,0.5,99,100,0.5,0,100,100,100,-1.02728,-0.881956
21,0.0001,99,0.01,0.0001,0,100,100,100,-0.569044,-0.569044
22,0.0001,99,0.01,0.0001,0,100,100,100,-0.640706,-0.569044
23,0.0001,99,0.01,0.0001,0,100,100,100,-0.924453,-0.569044
24,0.0001,99,0.01,0.5,0,100,100,100,-1.00579,-0.569044
25,0.0001,99,0.01,0.0001,0,100,0.001,100,-0.824647,-0.569044
26,0.5,99,0.01,0.0001,0,100,0.001,0.01,-1.03243,-0.569044
27,0.5,99,100,0.0001,0,100,0.001,100,-1.05878,-0.569044
28,0.5,99,0.01,0.5,0,0.01,100,100,-1.06252,-0.569044
29,0.0001,99,0.01,0.5,0,100,100,100,-0.999783,-0.569044
30,0.0001,99,100,0.5,1,0.01,0.001,0.01,-1.05759,-0.569044
31,0.5,99,100,0.30171,1,100,100,0.01,-1.06749,-0.569044
32,0.185111,90,23.3234,0.140599,1,73.663,11.6908,70.8144,-1.06713,-0.569044
33,0.5,99,100,0.5,0,100,100,0.01,-1.0615,-0.569044
34,0.0001,1,100,0.5,1,0.01,100,100,-1.04756,-0.569044
35,0.308593,99,100,0.211754,1,99.3541,100,48.2711,-1.04935,-0.569044
36,0.0556263,69,48.6496,0.5,1,99.3585,100,100,-1.01764,-0.569044
37,0.000566884,99,0.0290757,0.000219168,0,99.9122,99.9444,100,-0.709124,-0.569044
38,0.49895,2,37.9194,0.499723,0,84.7194,56.3531,0.530652,-1.02601,-0.569044
39,0.125189,1,43.0765,0.0001,1,94.0193,100,0.01,-1.04748,-0.569044
40,0.5,1,100,0.340822,0,0.01,0.001,52.8608,-1.04113,-0.569044
41,0.5,1,0.01,0.0001,1,100,100,100,-0.787307,-0.569044
42,0.5,1,0.01,0.0001,0,100,100,100,-0.740527,-0.569044
43,0.000593013,1,0.0147759,0.0001,0,0.48417,99.8472,100,-0.98535,-0.569044
44,0.5,99,29.6826,0.0001,0,100,100,100,-1.06922,-0.569044
45,0.0141365,99,53.9369,0.5,1,100,100,56.2701,-1.05502,-0.569044
46,0.330605,93,0.01,0.0001,1,2.37625,100,66.0365,-0.603663,-0.569044
47,0.5,99,0.01,0.0001,1,100,100,67.2428,-0.576608,-0.569044
48,0.0001,99,0.01,0.0001,1,100,100,67.3809,-0.697314,-0.569044
49,0.5,99,0.01,0.0001,1,100,100,67.8781,-0.887381,-0.569044
50,0.0001,99,0.01,0.0001,1,0.01,100,66.2152,-0.732335,-0.569044
51,0.42802,81,83.6598,0.385278,1,51.6189,77.3158,95.5071,-1.05163,-0.569044
52,0.378885,76,84.0526,0.411199,1,44.4196,77.6993,16.8705,-1.01918,-0.569044
53,0.450384,11,55.6503,0.499943,0,35.8385,0.307727,0.281624,-1.03928,-0.569044
54,0.349637,45,5.88721,0.264516,1,9.97946,3.51214,54.6272,-1.03513,-0.569044
55,0.449444,13,56.9251,0.5,1,23.9614,16.5501,0.01,-1.05005,-0.569044
56,0.276326,30,72.2083,0.143484,1,88.1118,70.0007,24.6214,-1.03064,-0.569044
57,0.325591,2,25.399,0.367898,0,88.7669,81.4746,0.01,-1.03791,-0.569044
58,0.202421,2,61.3949,0.0001,0,59.5008,91.7126,0.01,-1.04754,-0.569044
59,0.391441,83,72.1726,0.000121122,0,61.4507,20.4514,7.5964,-1.03157,-0.569044
60,0.5,99,40.9367,0.466201,1,78.5369,0.620172,16.0441,-1.05164,-0.569044
61,0.330234,5,61.3456,0.0001,1,100,100,100,-1.02584,-0.569044
62,0.399367,40,25.5104,0.5,1,85.6536,100,100,-1.04353,-0.569044
63,0.5,99,0.01,0.101486,1,100,100,100,-0.951324,-0.569044
64,0.436693,29,41.2694,0.5,1,57.3986,0.001,99.7396,-1.04531,-0.569044
65,0.498084,1,49.2241,0.249574,1,48.4993,99.9712,99.9875,-1.0568,-0.569044
66,0.265383,99,77.2612,0.0001,0,93.2838,5.38578,100,-1.04278,-0.569044
67,0.0421262,99,80.7882,0.5,0,100,0.001,100,-1.05642,-0.569044
68,0.5,99,100,0.0001,0,0.01,0.001,0.01,-1.02255,-0.569044
69,0.479368,97,83.4201,0.238207,1,77.5601,0.349595,0.11792,-1.01101,-0.569044
70,0.0001,99,0.01,0.0001,1,100,54.8081,62.1768,-0.732419,-0.569044
71,0.403197,99,14.8604,0.0001,1,61.4974,0.001,0.01,-1.00809,-0.569044
72,0.287339,1,83.6774,0.214852,0,99.6586,56.8298,100,-1.06205,-0.569044
73,0.386135,48,28.9167,0.311924,1,37.6157,64.3455,100,-1.05715,-0.569044
74,0.401194,50,60.4765,0.413731,0,44.2777,75.3709,96.8244,-1.02627,-0.569044
75,0.349936,48,60.4283,0.360082,1,87.6175,12.9313,18.5789,-1.02594,-0.569044
76,0.370381,50,90.2023,0.235739,1,5.27909,15.7054,67.8319,-1.00568,-0.569044
77,0.349942,48,60.579,0.360647,1,87.6605,12.9339,18.5725,-1.02384,-0.569044
78,0.400414,39,38.9031,0.294958,1,97.7903,2.1476,0.636892,-1.01445,-0.569044
79,0.0519212,91,9.85602,0.0001,0,88.3226,37.325,93.3046,-1.05247,-0.569044
80,0.274892,99,0.124349,0.0597206,1,95.0861,6.30699,81.6921,-0.922989,-0.569044
81,0.0106068,99,0.01,0.173664,0,89.799,26.5997,100,-1.01636,-0.569044
82,0.20024,99,46.0377,0.280855,1,88.9712,6.35093,99.957,-1.05315,-0.569044
83,0.237404,75,16.6822,0.479056,1,77.6543,47.4941,48.6687,-0.993674,-0.569044
84,0.387367,49,48.9568,0.415877,1,47.1268,47.8017,19.9569,-1.04799,-0.569044
85,0.255682,73,75.5092,0.312191,1,38.5474,15.9876,19.8252,-1.0229,-0.569044
86,0.22354,82,34.5887,0.0578817,1,76.6943,8.44628,9.48887,-1.04699,-0.569044
87,0.295528,78,31.5485,0.21249,1,67.3981,13.7073,10.1607,-1.0264,-0.569044
88,0.214632,77,51.4445,0.301615,1,79.9895,15.3715,14.569,-1.05127,-0.569044
89,0.385387,48,16.6569,0.0822117,0,43.2212,75.1137,76.2428,-1.03791,-0.569044
90,0.249731,50,16.6331,0.365804,0,44.0659,75.207,95.6501,-1.03505,-0.569044
91,0.376583,63,80.827,0.1101,0,44.0621,63.0932,79.7819,-1.05112,-0.569044
92,0.46287,32,54.5911,0.0813891,1,75.4769,75.1518,16.5593,-1.03054,-0.569044
93,0.245226,45,7.51211,0.116524,1,67.9023,47.6575,99.1641,-1.02456,-0.569044
94,0.249722,46,22.5556,0.244497,0,47.0718,49.5263,97.804,-1.00712,-0.569044
95,0.242003,51,10.5209,0.21322,1,47.9273,64.8673,97.8099,-1.03051,-0.569044
96,0.330069,26,0.025368,0.339834,1,60.5354,15.9851,13.1672,-1.00072,-0.569044
97,0.224129,42,17.8418,0.354075,1,72.6755,8.34621,23.459,-1.02311,-0.569044
98,0.347749,70,77.0848,0.222659,1,52.9869,9.28804,73.8281,-1.02249,-0.569044
99,0.210593,2,16.3759,0.346236,1,88.2078,1.81757,1.03715,-0.98123,-0.569044
100,0.382356,74,92.7519,0.353386,1,75.7118,94.3533,10.6753,-1.0758,-0.569044
101,0.436556,81,74.8359,0.375719,1,74.7432,95.6198,16.7725,-1.03006,-0.569044
102,0.304222,87,66.8246,0.407942,1,59.373,87.8285,1.42325,-1.05971,-0.569044
103,0.350847,99,100,0.317588,1,77.1016,100,0.305438,-1.02608,-0.569044
104,0.33184,99,64.5962,0.131233,1,74.859,86.7681,1.40131,-1.01966,-0.569044
105,0.38199,99,97.992,0.105347,1,73.7844,80.2872,0.330768,-1.05156,-0.569044
106,0.381642,98,88.9516,0.0769685,1,75.8396,99.9959,3.83023,-1.03376,-0.569044
107,0.410482,99,90.9329,0.220092,1,80.5272,96.0864,6.13812,-1.04368,-0.569044
108,0.253145,52,67.5973,0.2689,1,70.0649,100,15.6873,-1.02932,-0.569044
109,0.425299,75,78.9987,0.21874,0,75.6783,100,5.42271,-1.03035,-0.569044
110,0.428321,75,43.5687,0.22,0,49.6886,99.9419,5.48564,-1.03949,-0.569044
111,0.254011,65,10.3911,0.343707,0,50.988,6.85428,99.8179,-1.04989,-0.569044
112,0.24171,48,16.4417,0.249459,1,33.0477,13.3929,90.5595,-1.02853,-0.569044
113,0.37804,99,49.9713,0.000894804,0,69.1359,91.5405,100,-1.04414,-0.569044
114,0.368462,13,59.8524,0.160811,1,42.5165,69.8029,22.9328,-1.03839,-0.569044
115,0.41563,14,51.1456,0.159613,0,41.5448,91.2888,13.1516,-1.03836,-0.569044
116,0.20238,99,100,0.35249,1,40.8793,100,100,-1.0301,-0.569044
117,0.137697,82,91.6408,0.161315,1,70.049,99.9815,99.8845,-1.04898,-0.569044
118,0.151221,41,67.0176,0.121041,1,61.272,84.7008,100,-1.0679,-0.569044
119,0.151835,71,58.8581,0.243705,1,53.2635,86.0687,100,-1.06074,-0.569044
120,0.00187636,97,4.98043,0.299644,1,58.4831,46.7321,75.6329,-1.08104,-0.569044
121,0.185542,70,58.5955,0.239612,1,50.9399,87.9587,100,-1.02793,-0.569044
122,0.000550258,99,0.0325831,0.0001,0,99.904,99.9803,99.8695,-0.603099,-0.569044
123,0.419323,99,72.5887,0.230319,1,49.1435,100,98.631,-1.05694,-0.569044
124,0.328866,87,100,0.145905,1,54.9546,99.4535,99.4888,-1.00033,-0.569044
125,0.359281,22,65.2145,0.5,1,36.222,0.001,100,-1.03797,-0.569044
126,0.375025,3,52.4831,0.385842,1,37.724,2.85887,99.9999,-1.07375,-0.569044
127,0.406775,3,77.1013,0.370409,1,48.8025,0.0182923,99.8985,-1.02795,-0.569044
128,0.371853,11,24.707,0.000922302,1,70.3263,16.1717,45.4587,-1.0385,-0.569044
129,0.401644,1,39.5261,0.000261646,1,34.6169,0.0508128,99.6228,-1.03436,-0.569044
130,0.5,3,0.0182983,0.0001,1,99.6691,22.7506,100,-0.763893,-0.569044
131,0.5,1,100,0.197498,1,46.9054,1.6711,5.85532,-1.05031,-0.569044
132,0.5,2,67.6808,0.0001,1,84.0376,30.4277,58.1192,-1.05324,-0.569044
133,0.268764,1,50.208,0.000289771,1,35.8255,0.0952652,19.4806,-1.03907,-0.569044
134,0.394153,15,41.152,0.188905,1,76.2462,4.57243,43.8348,-1.03422,-0.569044
135,0.198532,94,90.767,0.317234,1,39.7549,99.0744,99.9796,-1.03658,-0.569044
136,0.240336,75,81.8801,0.259869,1,50.3723,99.9022,98.7287,-1.03914,-0.569044
137,0.221616,47,29.5519,0.138212,1,55.4915,99.8495,8.72118,-1.01488,-0.569044
138,0.253711,27,24.3127,0.239399,0,42.8964,85.0806,5.07576,-1.0524,-0.569044
139,0.310904,8,77.1506,0.0932014,1,70.409,80.5417,2.94154,-1.02568,-0.569044
140,0.250096,16,87.582,0.183253,1,70.6849,73.5966,8.14158,-1.08134,-0.569044
141,0.262168,16,88.9613,0.499794,1,38.8291,69.988,0.0986205,-1.04345,-0.569044
142,0.311851,30,51.8539,0.279793,0,84.0573,10.3195,2.16505,-1.05067,-0.569044
143,0.347046,99,34.1379,0.141558,1,8.60034,17.9875,100,-1.04517,-0.569044
144,0.375046,50,83.9822,0.0001,1,37.1403,96.4022,100,-1.04171,-0.569044
145,0.194937,59,42.0683,0.0707624,0,23.3362,86.3795,100,-1.01834,-0.569044
146,0.253575,72,70.6194,0.000343352,1,48.7012,95.5081,98.4746,-1.04161,-0.569044
147,0.244033,76,56.8893,0.10992,1,5.41858,100,100,-1.09154,-0.569044
148,0.257169,72,89.8726,0.5,0,47.347,100,100,-1.03828,-0.569044
149,0.237468,77,71.2321,0.477653,0,60.1,99.9841,99.9947,-1.01962,-0.569044
150,0.195248,90,35.0431,0.450145,1,15.5778,93.0391,97.9106,-1.06525,-0.569044
151,0.287848,80,44.4567,0.402814,0,29.2988,100,100,-1.04056,-0.569044
152,0.25005,95,52.6487,0.365169,1,75.1943,99.9969,98.6204,-1.03689,-0.569044
153,0.159469,99,82.5354,0.328534,1,54.4795,99.9118,1.37977,-1.0157,-0.569044
154,0.292081,87,3.73113,0.00240226,1,47.517,99.4412,44.4857,-0.928601,-0.569044
155,0.13828,92,26.066,0.5,1,34.9171,95.5961,0.01,-1.03842,-0.569044
156,0.0990196,92,33.5651,0.35495,1,36.1957,100,23.75,-1.04663,-0.569044
157,0.227235,98,43.2137,0.370447,1,58.8894,99.6946,0.313093,-1.03784,-0.569044
158,0.274021,89,63.3632,0.286158,1,52.3889,99.9637,3.19656,-1.00694,-0.569044
159,0.342834,98,73.6922,0.248712,1,96.7068,99.9557,0.109734,-1.02287,-0.569044
160,0.491615,99,0.01,0.0001,1,0.01,100,100,-0.777881,-0.569044
161,0.231596,99,9.6374,0.5,1,73.1569,100,0.01,-1.03342,-0.569044
162,0.271366,73,0.01,0.0853028,1,10.5944,88.4127,4.86306,-0.834779,-0.569044
163,0.134418,95,55.2717,0.366793,1,57.5922,99.9844,0.326856,-1.02444,-0.569044
164,0.204256,13,16.369,0.362223,0,32.6369,61.4048,33.5687,-1.06071,-0.569044
165,0.0727761,96,0.0313816,0.174577,1,16.2698,100,0.735764,-1.12778,-0.569044
166,0.288244,88,0.01,0.393196,1,22.1481,100,47.5706,-0.975584,-0.569044
167,0.156248,92,29.1651,0.290596,1,71.6995,99.5049,0.483178,-1.0589,-0.569044
168,0.323937,99,0.01,0.0301094,1,37.2919,100,43.9625,-0.759476,-0.569044
169,0.0186766,89,20.8076,0.0001,1,48.7891,100,1.14008,-1.02822,-0.569044
170,0.292845,99,36.5804,0.0254921,1,41.4738,100,0.351157,-1.03686,-0.569044
171,0.228189,93,46.0182,0.0999641,1,94.0637,99.3733,0.232465,-1.02962,-0.569044
172,0.5,94,0.01,0.0243617,0,67.559,100,64.4758,-0.832441,-0.569044
173,0.235306,99,36.2275,0.142909,1,56.0674,100,0.0738111,-1.05298,-0.569044
174,0.239067,96,48.8848,0.234326,1,49.7975,100,1.67885,-1.03603,-0.569044
175,0.5,99,94.8976,0.0001,1,81.7009,17.8535,51.3339,-1.00974,-0.569044
176,0.286682,87,57.6756,0.000701881,1,73.6308,1.36145,12.3497,-1.08303,-0.569044
177,0.06857,59,26.8957,0.0889335,1,1.31618,100,100,-1.02781,-0.569044
178,0.227024,70,5.17955,0.00446368,1,82.1244,2.54009,12.6492,-0.927485,-0.569044
179,0.454555,99,26.9381,0.060976,1,79.8516,1.99226,0.234694,-1.01427,-0.569044
180,0.467031,1,0.01,0.0928903,1,100,2.83184,6.21245,-0.977045,-0.569044
181,0.350287,88,2.45928,0.0001,1,82.8353,85.0009,100,-0.542391,-0.542391
182,0.347458,91,2.4152,0.000205041,1,94.1508,100,99.9761,-0.715067,-0.542391
183,0.311935,92,2.85161,0.000736099,1,100,93.2804,99.8982,-0.748431,-0.542391
184,0.368089,36,3.15182,0.000118272,1,87.563,67.5758,98.6352,-1.00112,-0.542391
185,0.401672,99,8.09046,0.119422,1,95.5818,4.71807,0.722558,-0.964383,-0.542391
186,0.105063,79,93.7112,0.34892,0,26.2671,84.0408,15.5066,-1.02193,-0.542391
187,0.481735,99,9.08852,0.108658,1,46.5565,0.001,0.87676,-0.989026,-0.542391
188,0.0754343,1,63.5749,0.204211,0,73.5779,0.001,95.2608,-1.05667,-0.542391
189,0.5,1,100,0.5,0,100,0.001,6.8483,-1.0288,-0.542391
190,0.399476,1,84.9431,0.499992,0,95.5882,0.125849,0.225902,-1.02427,-0.542391
191,0.350761,1,0.01,0.224986,1,100,0.001,0.01,-0.989119,-0.542391
192,0.464763,89,0.01,0.000347935,1,82.8972,87.4129,99.9432,-0.905484,-0.542391
193,0.499772,1,86.4765,0.302246,1,43.1356,0.623318,4.95969,-1.03451,-0.542391
194,0.354334,88,5.97978,0.00098504,1,82.8816,86.3969,99.8037,-1.01536,-0.542391
195,0.5,1,100,0.119586,1,3.5128,0.001,100,-1.05553,-0.542391
196,0.0001,2,74.0537,0.366613,0,80.7109,0.001,0.01,-1.07224,-0.542391
197,0.490461,2,80.2099,0.0588371,1,94.6812,0.861675,99.932,-1.03374,-0.542391
198,0.20169,60,30.2623,0.0726633,1,86.6485,2.92137,98.9001,-1.03874,-0.542391
199,0.0001,1,0.01,0.0001,1,100,0.001,100,-0.849574,-0.542391
200,0.167523,1,14.4203,0.0725172,1,46.832,0.001,100,-0.997812,-0.542391
201,0.400041,4,88.8417,0.0624479,0,61.845,14.8812,99.8784,-1.04657,-0.542391
202,0.486922,1,73.6225,0.115402,0,51.2352,14.9729,98.9209,-1.06181,-0.542391
203,0.233153,89,0.01,0.000463204,1,82.8228,85.0394,99.9263,-0.47852,-0.47852
204,0.0001,89,0.0925205,0.000522516,1,82.9108,85.1856,99.9468,-0.661642,-0.47852
205,0.0001,89,0.082087,0.000879487,1,82.7152,84.9893,99.828,-0.477636,-0.477636
206,0.000204421,83,0.0541957,0.0012262,1,89.1754,100,99.8139,-0.69158,-0.477636
207,0.00025087,83,0.0429438,0.00104352,1,91.2404,100,99.9851,-0.623592,-0.477636
208,0.388581,99,55.7002,0.0940459,1,32.19,26.5575,58.8608,-1.06378,-0.477636

Best eval with params:
eval (mc_estimate_expected_utility) = -0.477636
smdents_entropy_temp_visits_scale = 99.828
smbts_search_temp_decay_visits_scale = 82.7152
smbts_epsilon = 0.000879487
smbts_search_temp = 0.082087
smdents_entropy_temp_init = 84.9893
smbts_use_search_temp_decay = 1
sm_split_visit_thresh = 89
sm_l_inf_thresh = 0.0001
