env_id,alg_id,search_runtime,max_trial_length,rollouts_per_mc_eval,num_repeats,num_threads
deep-sea-treasure-v0,czt,20,50,1024,5,16

hp_opt_iter,czt_bias,czt_ball_split_visit_thresh,eval(mc_estimate_expected_utility),best_eval_so_far
MIN,0.01,5,MIN
MAX,100,100,MAX
0,87.089,15,1.04886,1.04886
1,41.0454,84,2.28668,2.28668
2,1.35602,57,3.22763,3.22763
3,50.3336,79,2.63808,3.22763
4,14.4998,99,2.87471,3.22763
5,67.4344,40,1.8349,3.22763
6,91.8552,33,1.58395,3.22763
7,38.5707,14,1.5204,3.22763
8,26.5755,67,2.64386,3.22763
9,76.4503,45,1.87309,3.22763
10,0.01,99,2.23789,3.22763
11,100,99,2.12566,3.22763
12,0.01,64,2.16974,3.22763
13,0.0100002,99,1.99625,3.22763
14,0.01,38,1.90888,3.22763
15,60.5801,99,2.62169,3.22763
16,100,99,2.24936,3.22763
17,0.0196657,74,1.76491,3.22763
18,0.01,5,1.99931,3.22763
19,49.7498,99,2.75599,3.22763
20,99.9967,77,1.97693,3.22763
21,47.2115,99,2.45122,3.22763
22,0.01,99,1.9347,3.22763
23,0.21411,48,2.33968,3.22763
24,53.1225,74,2.31661,3.22763
25,100,99,2.08962,3.22763
26,50.4914,99,2.48294,3.22763
27,0.155614,61,1.81754,3.22763
28,1.30747,9,3.57917,3.57917
29,0.01,5,2.49614,3.57917
30,1.6358,5,3.55014,3.57917
31,1.63216,5,3.29403,3.57917
32,1.48397,5,3.76241,3.76241
33,1.80239,68,3.32973,3.76241
34,1.32115,5,3.52648,3.76241
35,1.52526,5,3.70242,3.76241
36,1.52395,5,3.0937,3.76241
37,1.17439,5,3.58071,3.76241
38,1.18001,5,2.82857,3.76241
39,1.95997,5,3.52284,3.76241
40,2.13312,5,3.68065,3.76241
41,2.12457,5,3.26643,3.76241
42,1.8545,99,3.48125,3.76241
43,1.83684,99,3.46605,3.76241
44,2.33102,99,2.37608,3.76241
45,1.73831,5,2.95378,3.76241
46,1.73567,5,3.49417,3.76241
47,1.73255,5,3.35255,3.76241
48,13.3221,99,2.63698,3.76241
49,15.6868,99,2.05148,3.76241
50,3.33879,5,3.49184,3.76241
51,3.85014,5,3.88642,3.88642
52,3.96968,5,4.01108,4.01108
53,4.11769,5,3.77829,4.01108
54,3.88503,5,3.58313,4.01108
55,4.31459,5,3.58605,4.01108
56,3.74308,5,3.722,4.01108
57,4.18747,5,3.58703,4.01108
58,3.69058,5,3.61733,4.01108
59,4.50856,5,3.73718,4.01108
60,4.80951,5,3.71088,4.01108
61,4.73392,5,3.85773,4.01108
62,4.5536,5,3.95632,4.01108
63,4.94071,5,3.43307,4.01108
64,4.2834,99,2.96047,4.01108
65,4.28675,5,3.78448,4.01108
66,5.41326,5,3.82752,4.01108
67,5.36787,5,3.78057,4.01108
68,5.24664,97,3.26581,4.01108
69,4.71652,5,3.9107,4.01108
70,5.88643,5,3.65863,4.01108
71,5.33867,5,3.76825,4.01108
72,18.8902,26,3.01399,4.01108
73,5.48135,5,3.72487,4.01108
74,6.35928,5,3.92291,4.01108
75,6.32333,5,3.51089,4.01108
76,5.29982,5,3.73126,4.01108
77,5.29025,5,3.57142,4.01108
78,6.67968,57,3.04809,4.01108
79,3.10748,5,3.63154,4.01108
80,4.98217,5,3.77544,4.01108
81,3.19588,5,3.77747,4.01108
82,3.19846,5,3.3251,4.01108
83,5.05114,5,3.4509,4.01108
84,7.92244,10,3.59612,4.01108
85,6.98031,5,3.27074,4.01108
86,9.3191,5,3.1663,4.01108
87,4.35152,44,2.614,4.01108
88,5.99175,5,3.64521,4.01108
89,7.49547,5,3.32063,4.01108
90,5.7996,5,3.62091,4.01108
91,8.81757,97,3.97737,4.01108
92,8.7653,99,3.27769,4.01108
93,10.1322,97,2.985,4.01108
94,7.59204,83,2.69909,4.01108
95,3.15094,5,3.80474,4.01108
96,3.15628,5,3.59737,4.01108
97,3.15738,5,3.6756,4.01108
98,3.16039,5,3.46534,4.01108
99,11.0237,5,2.60095,4.01108
100,5.91904,5,3.65344,4.01108
101,8.35471,5,3.28291,4.01108
102,71.9609,99,2.19016,4.01108
103,81.3313,99,2.67601,4.01108
104,30.9542,5,1.67951,4.01108
105,4.90743,5,3.74505,4.01108
106,5.64221,5,3.33534,4.01108
107,57.4065,5,0.524976,4.01108
108,4.14539,5,3.90865,4.01108
109,4.14869,5,3.61651,4.01108
110,3.02417,5,3.32358,4.01108
111,5.67718,59,3.19993,4.01108
112,4.50564,5,3.59935,4.01108
113,6.7852,5,3.74269,4.01108
114,6.78265,5,3.54717,4.01108
115,4.89074,5,3.80347,4.01108
116,80.1141,5,0.457139,4.01108
117,22.049,5,2.0096,4.01108
118,3.08179,5,3.0729,4.01108
119,5.39283,5,3.6854,4.01108
120,8.40495,5,3.43279,4.01108
121,5.45257,23,3.48489,4.01108
122,5.43727,23,3.45983,4.01108
123,10.4694,49,3.04667,4.01108
124,5.3364,23,3.43244,4.01108
125,5.28256,23,3.39278,4.01108
126,14.2336,42,2.9704,4.01108
127,7.70413,32,2.88239,4.01108
128,21.513,80,2.3919,4.01108
129,15.2323,5,2.46645,4.01108
130,10.4681,68,2.99125,4.01108
131,16.675,54,2.35752,4.01108
132,32.0675,99,2.38792,4.01108
133,46.85,5,1.06775,4.01108
134,65.5026,99,2.51788,4.01108
135,6.9673,5,3.52189,4.01108
136,6.79236,5,3.16531,4.01108
137,5.18723,5,3.49712,4.01108
138,59.1738,70,2.38833,4.01108
139,26.1144,99,2.48156,4.01108
140,36.6893,99,2.47841,4.01108
141,4.78786,20,3.10604,4.01108
142,7.96685,40,2.54415,4.01108
143,20.4553,36,2.8633,4.01108
144,29.6779,44,2.92049,4.01108
145,38.895,52,2.94666,4.01108
146,88.7141,99,2.13197,4.01108
147,43.57,61,2.77448,4.01108
148,77.0888,83,2.1747,4.01108
149,25.3509,39,2.95986,4.01108
150,4.3303,22,3.19687,4.01108
151,48.0309,51,2.13117,4.01108
152,24.4337,45,2.88764,4.01108
153,10.9331,32,2.97878,4.01108
154,16.675,32,2.78011,4.01108
155,84.4979,71,2.34098,4.01108
156,27.785,76,2.24246,4.01108
157,16.675,63,2.48456,4.01108
158,92.9603,83,2.06377,4.01108
159,6.95188,5,3.27039,4.01108
160,9.86438,5,3.00079,4.01108
161,83.335,96,1.98897,4.01108
162,32.8313,44,2.78534,4.01108
163,27.6297,32,2.96409,4.01108
164,7.36862,17,3.32749,4.01108
165,100,5,0.604216,4.01108
166,7.26874,17,3.34527,4.01108
167,7.27828,17,3.28915,4.01108
168,7.30972,17,3.67779,4.01108
169,5.23324,16,3.8129,4.01108
170,3.80095,25,3.18994,4.01108
171,7.05915,17,3.45571,4.01108
172,7.04492,17,3.72747,4.01108
173,6.95844,18,3.26816,4.01108
174,12.9009,16,3.10852,4.01108
175,6.94687,5,3.64942,4.01108
176,16.675,20,2.97956,4.01108
177,7.6718,79,3.72904,4.01108
178,7.62623,80,3.28679,4.01108
179,9.47584,79,3.22781,4.01108
180,9.07549,74,3.09686,4.01108
181,9.518,62,2.76454,4.01108
182,7.41022,86,3.05844,4.01108
183,4.12427,75,2.80834,4.01108
184,11.8057,71,3.355,4.01108
185,10.5616,84,2.566,4.01108
186,100,52,1.61524,4.01108
187,68.8117,76,2.04729,4.01108
188,40.2167,41,2.52001,4.01108
189,68.8117,76,2.41676,4.01108
190,6.80674,5,3.43744,4.01108
191,15.8795,72,2.40723,4.01108
192,29.2156,45,2.77515,4.01108
193,54.2036,46,2.38526,4.01108
194,63.2165,54,2.396,4.01108
195,6.63939,5,3.40176,4.01108
196,5.38197,5,3.99575,4.01108
197,72.225,63,2.16185,4.01108
198,4.80562,5,3.95809,4.01108
199,6.89212,5,3.6285,4.01108
200,5.07886,5,3.60202,4.01108
201,4.85865,5,3.73011,4.01108

Best eval with params:
eval (mc_estimate_expected_utility) = 4.01108
czt_ball_split_visit_thresh = 5
czt_bias = 3.96968
